1 0.503214 0.694541 0.225264 0.256653
0 0.336057 0.480666 0.173456 0.247017
1 0.743057 0.355804 0.234035 0.285733
0 0.0942539 0.0715932 0.139907 0.143186
0 0.206534 0.321263 0.155196 0.195143
0 0.284957 0.106862 0.18911 0.212916
0 0.704521 0.892555 0.166331 0.206158
0 0.13462 0.366002 0.155949 0.201346
0 0.39646 0.218795 0.165571 0.190832
0 0.801844 0.837986 0.140892 0.204101
0 0.315423 0.972975 0.180763 0.0540496
0 0.445212 0.117211 0.145304 0.188072
0 0.973168 0.419359 0.0536636 0.191812
0 0.45863 0.924451 0.144978 0.149969
