1 0.576115 0.253505 0.321865 0.40378
0 0.925839 0.804699 0.147846 0.176591
0 0.422349 0.491391 0.166578 0.209806
2 0.890874 0.911182 0.0685057 0.0965118
0 0.768126 0.739828 0.148048 0.211861
0 0.675274 0.944305 0.148581 0.109537
0 0.951721 0.328922 0.0965586 0.228731
0 0.937287 0.0813865 0.124784 0.162287
0 0.814221 0.459494 0.149885 0.173489
0 0.11184 0.265076 0.195511 0.243354
2 0.851074 0.981501 0.0551716 0.0369984
0 0.341268 0.399335 0.160484 0.216679
2 0.0740775 0.440458 0.0647164 0.0860125
0 0.295219 0.162767 0.209417 0.233924
0 0.376562 0.780241 0.189935 0.21452
0 0.689224 0.515257 0.176188 0.257922
0 0.867779 0.0471043 0.188226 0.0933447
0 0.515845 0.0465014 0.171075 0.0922705
0 0.0418602 0.624227 0.0836413 0.235922
0 0.258582 0.542863 0.149385 0.203812
0 0.954873 0.967777 0.0902548 0.0639642
0 0.0813282 0.968757 0.162656 0.0624868
0 0.978999 0.63667 0.041922 0.228398
0 0.29086 0.979683 0.193586 0.0406342
0 0.246367 0.713906 0.161651 0.213248
0 0.811402 0.324038 0.154519 0.229363
0 0.0426624 0.90989 0.0853249 0.179321
2 0.344454 0.929795 0.073205 0.0949371
0 0.432234 0.928641 0.18149 0.141438
