1 0.334138 0.374045 0.262131 0.291027
0 0.780648 0.564203 0.16339 0.211272
0 0.94983 0.789819 0.100341 0.228172
0 0.221388 0.577599 0.142496 0.201043
0 0.397971 0.0873076 0.156372 0.174615
0 0.647134 0.270632 0.163965 0.242274
0 0.0331065 0.917314 0.066213 0.16472
0 0.0295822 0.450395 0.058589 0.204826
0 0.70002 0.537286 0.149328 0.215189
0 0.639173 0.909994 0.142551 0.179681
0 0.950506 0.279048 0.0989876 0.215598
0 0.54283 0.622429 0.1475 0.247909
0 0.748245 0.919708 0.168171 0.160491
0 0.465116 0.924668 0.164692 0.150096
0 0.135907 0.1381 0.189325 0.21157
0 0.55098 0.0913385 0.162218 0.182677
0 0.916201 0.171225 0.165922 0.214375
0 0.731171 0.0714171 0.195929 0.142023
0 0.162473 0.0464587 0.171463 0.0921153
