1 0.675922 0.603608 0.328662 0.411204
0 0.882305 0.675967 0.155791 0.21295
0 0.654454 0.190774 0.157452 0.24613
0 0.315339 0.422897 0.137988 0.216226
0 0.475726 0.59262 0.125863 0.219402
0 0.951956 0.302252 0.0952099 0.228052
0 0.223256 0.422727 0.150294 0.202901
0 0.30901 0.834047 0.157961 0.222353
0 0.579229 0.89923 0.159505 0.179613
0 0.814519 0.203319 0.208498 0.280347
0 0.194177 0.748208 0.144239 0.186022
0 0.302833 0.24007 0.1569 0.199733
0 0.111634 0.957145 0.158391 0.0841229
0 0.911704 0.0484171 0.176593 0.0961394
0 0.353102 0.631148 0.158342 0.205244
0 0.929315 0.892656 0.138019 0.191835
0 0.551395 0.144352 0.166454 0.211136
0 0.953947 0.56711 0.0920397 0.239953
0 0.484343 0.39293 0.165118 0.209735
0 0.0353252 0.958803 0.0706504 0.0823934
0 0.0458063 0.56626 0.0913183 0.21101
0 0.157908 0.631339 0.184438 0.224026
0 0.0394841 0.707035 0.0789681 0.209993
0 0.0372053 0.339758 0.0743602 0.216921
0 0.468835 0.207855 0.151991 0.193868
