0 0.840818 0.432829 0.191955 0.212968
0 0.877674 0.633323 0.188796 0.226945
0 0.661945 0.525039 0.145424 0.21203
0 0.939467 0.183178 0.119452 0.263074
0 0.809693 0.192191 0.149661 0.222475
0 0.375453 0.924358 0.16468 0.150634
0 0.123054 0.777214 0.180895 0.252889
0 0.5762 0.872924 0.193671 0.250062
1 0.470827 0.578915 0.323577 0.492926
0 0.645385 0.314983 0.190466 0.191016
0 0.195669 0.94261 0.17322 0.111999
0 0.808183 0.918751 0.1621 0.162281
0 0.0995106 0.338095 0.199021 0.241812
0 0.430977 0.278627 0.160329 0.195645
0 0.646911 0.105979 0.181995 0.211958
0 0.0698643 0.503184 0.139662 0.226601
0 0.0279746 0.171362 0.0555331 0.191236
0 0.203549 0.0485864 0.180418 0.0961838
0 0.317119 0.756018 0.163136 0.194263
0 0.0155342 0.654126 0.0310683 0.198444
2 0.750098 0.738123 0.0790928 0.110793
