1 0.310833 0.224076 0.389872 0.445565
0 0.7991 0.301028 0.175542 0.226402
0 0.132161 0.938382 0.1492 0.122559
0 0.606411 0.940576 0.163037 0.117258
0 0.72118 0.890071 0.163786 0.219858
0 0.0504347 0.218875 0.100664 0.231995
0 0.954266 0.695244 0.0914679 0.239691
0 0.364578 0.681259 0.154 0.204538
0 0.0452271 0.853797 0.0904542 0.177369
0 0.629389 0.414439 0.14716 0.206317
0 0.299643 0.903105 0.143644 0.176845
2 0.957049 0.857274 0.0627666 0.0773347
0 0.0332251 0.934438 0.0664501 0.129582
0 0.718857 0.627022 0.186129 0.242168
0 0.575764 0.247501 0.182287 0.219211
0 0.535158 0.056329 0.169401 0.11165
0 0.44358 0.798291 0.193071 0.224234
0 0.0993361 0.654437 0.180315 0.215703
0 0.0311531 0.565652 0.0623062 0.187395
0 0.0371361 0.446961 0.0739863 0.189706
2 0.0801414 0.515614 0.0586782 0.0718591
0 0.937926 0.33262 0.122598 0.247444
0 0.259287 0.810482 0.14243 0.199652
0 0.772507 0.0862378 0.158032 0.171837
0 0.934386 0.209685 0.129447 0.19629
