0 0.61142 0.380356 0.163898 0.206295
0 0.782213 0.303771 0.187381 0.254503
0 0.432528 0.309495 0.167359 0.243578
0 0.931807 0.793649 0.135135 0.208751
0 0.249357 0.750624 0.17639 0.248326
0 0.056616 0.225574 0.112721 0.225307
0 0.0728516 0.647068 0.145703 0.244172
0 0.0598628 0.879261 0.118936 0.204325
1 0.55697 0.73208 0.430962 0.53177
0 0.350238 0.50803 0.187054 0.201605
0 0.80308 0.714079 0.165458 0.234214
0 0.0542262 0.45697 0.108204 0.218087
0 0.651827 0.106134 0.16712 0.209726
0 0.948635 0.138598 0.102729 0.273586
0 0.291346 0.954336 0.162558 0.0905546
0 0.362888 0.0476392 0.18386 0.094423
0 0.934973 0.962488 0.128185 0.0736355
0 0.12297 0.0333857 0.173521 0.066429
0 0.129823 0.982673 0.139553 0.0339915
0 0.125602 0.986387 0.174373 0.0271632
