1 0.436703 0.723029 0.334671 0.461337
0 0.157172 0.897307 0.16419 0.192022
0 0.0789527 0.217208 0.156822 0.19691
0 0.753664 0.921646 0.20395 0.154796
0 0.580867 0.308463 0.187895 0.241256
0 0.19681 0.427463 0.139713 0.190031
0 0.884597 0.206077 0.150833 0.200427
0 0.0432323 0.0673652 0.0859939 0.13473
0 0.716519 0.454085 0.13711 0.204257
0 0.102882 0.748732 0.158556 0.206854
0 0.0476788 0.776958 0.0952986 0.215045
0 0.0313253 0.555046 0.0623921 0.232661
0 0.244374 0.0526398 0.184435 0.104597
0 0.970374 0.162513 0.0592527 0.161243
0 0.942633 0.6256 0.114515 0.240181
0 0.0449958 0.982685 0.0897318 0.0344204
0 0.418637 0.336266 0.178582 0.25316
0 0.331844 0.929987 0.162936 0.139724
0 0.898985 0.801673 0.181382 0.223442
0 0.0441898 0.975336 0.0878809 0.0489187
