1 0.373516 0.402195 0.252173 0.328138
0 0.293711 0.805315 0.181923 0.236288
0 0.775175 0.264981 0.139262 0.165983
0 0.609189 0.598553 0.13095 0.182641
0 0.729166 0.911191 0.144569 0.177406
0 0.581798 0.371129 0.14213 0.206968
0 0.0996321 0.072206 0.146461 0.143118
0 0.951122 0.722837 0.0977566 0.2174
0 0.758609 0.0324368 0.169406 0.0647452
0 0.575222 0.969813 0.171869 0.0603735
0 0.958671 0.0741697 0.081958 0.148339
0 0.422785 0.618456 0.135815 0.159468
0 0.76346 0.802917 0.161003 0.20477
0 0.030013 0.429873 0.0596066 0.250303
0 0.46026 0.803793 0.164031 0.211475
0 0.826698 0.955858 0.14257 0.0872803
0 0.093202 0.554362 0.126886 0.180905
0 0.0318966 0.169856 0.0637075 0.307102
