1 0.121534 0.104649 0.226756 0.209298
0 0.766497 0.164102 0.168864 0.203833
0 0.246586 0.564955 0.177082 0.219201
0 0.654099 0.761314 0.150095 0.20087
0 0.818127 0.533602 0.167139 0.21113
0 0.496481 0.340162 0.142972 0.224428
0 0.048076 0.599061 0.0961521 0.169316
0 0.0838131 0.864379 0.167626 0.238244
0 0.951494 0.651509 0.0966801 0.211114
0 0.391104 0.894747 0.151397 0.195306
0 0.540823 0.8907 0.16193 0.206716
2 0.782638 0.641006 0.065045 0.0772507
0 0.374139 0.264755 0.169248 0.195952
0 0.979419 0.930351 0.0411484 0.139298
0 0.962676 0.92637 0.0745489 0.14726
0 0.0332736 0.324338 0.0663384 0.24832
0 0.0501638 0.558029 0.0998042 0.254059
