1 0.315647 0.471478 0.324697 0.455416
0 0.113686 0.727994 0.153373 0.233183
0 0.42242 0.129266 0.151112 0.225322
0 0.645775 0.492707 0.14876 0.170895
0 0.0962547 0.927142 0.165959 0.144604
0 0.828731 0.598209 0.172209 0.213257
0 0.474119 0.944149 0.124329 0.11042
0 0.967602 0.74495 0.0647966 0.165556
0 0.379033 0.806384 0.171707 0.212384
0 0.0199826 0.797681 0.0393201 0.216771
0 0.240518 0.881702 0.191617 0.21512
2 0.161069 0.36277 0.0537007 0.0731736
0 0.477955 0.266399 0.162917 0.206762
0 0.0681016 0.253885 0.136203 0.230958
0 0.148941 0.175131 0.163966 0.211802
0 0.599919 0.245672 0.168252 0.271962
0 0.0152464 0.511893 0.0304396 0.211936
0 0.953098 0.501182 0.0938047 0.265629
0 0.537224 0.870161 0.179952 0.223009
0 0.965784 0.186186 0.0681286 0.206878
