0 0.849453 0.106896 0.179737 0.213792
1 0.508889 0.812683 0.366134 0.374635
0 0.318307 0.538784 0.168932 0.225828
0 0.73834 0.505441 0.169702 0.213033
0 0.109161 0.643073 0.184991 0.223934
0 0.280083 0.768439 0.160383 0.200796
0 0.276169 0.939468 0.150649 0.119873
0 0.199302 0.393209 0.138534 0.193169
0 0.943734 0.737407 0.111454 0.230731
0 0.0818974 0.886888 0.163666 0.21468
0 0.0813907 0.106782 0.161244 0.213563
0 0.511161 0.331513 0.192484 0.247498
0 0.668539 0.0818594 0.171853 0.163023
0 0.237513 0.156138 0.170136 0.245791
0 0.541193 0.563167 0.189684 0.199943
0 0.762946 0.803145 0.151885 0.218821
0 0.954141 0.273663 0.0917185 0.21379
2 0.33335 0.236448 0.0774529 0.100632
0 0.532743 0.166107 0.170253 0.209515
0 0.0313653 0.337356 0.0624232 0.233983
0 0.854071 0.858935 0.176915 0.225962
0 0.899093 0.983281 0.194416 0.0331296
2 0.0269854 0.750194 0.0539707 0.10056
