2 0.394128 0.393753 0.0731957 0.0870861
0 0.107491 0.593614 0.135903 0.167275
0 0.488036 0.311515 0.205353 0.273242
0 0.509276 0.942695 0.148534 0.114099
1 0.182586 0.847042 0.225986 0.305915
0 0.204479 0.307133 0.143781 0.192914
0 0.403848 0.63682 0.176839 0.159263
0 0.301 0.327425 0.152897 0.228243
0 0.785103 0.0719645 0.153045 0.143326
0 0.253065 0.52497 0.206739 0.232421
0 0.954473 0.512711 0.0910532 0.214439
2 0.306057 0.102846 0.0580785 0.0743083
2 0.583354 0.457024 0.071784 0.084008
0 0.0395517 0.910479 0.0791035 0.179042
0 0.912012 0.256479 0.174463 0.227204
0 0.963246 0.793319 0.0734737 0.23778
0 0.107337 0.0473683 0.169992 0.0937641
0 0.666281 0.759889 0.147428 0.197206
0 0.634097 0.758334 0.192927 0.198981
0 0.770235 0.586658 0.135671 0.211699
0 0.0190602 0.213661 0.0381204 0.229799
0 0.78006 0.959632 0.199702 0.0785357
0 0.412995 0.0391293 0.178811 0.0775351
0 0.949556 0.343473 0.100809 0.211764
0 0.0228297 0.385042 0.0451529 0.200332
0 0.86281 0.622678 0.201498 0.221675
0 0.0253156 0.511727 0.0502321 0.195214
0 0.605274 0.757147 0.139649 0.19981
