1 0.388828 0.692563 0.312194 0.397858
0 0.070632 0.557399 0.14102 0.202413
0 0.512039 0.371452 0.157837 0.230377
0 0.741582 0.0863305 0.176347 0.171983
0 0.216583 0.92083 0.153566 0.157478
0 0.317605 0.402772 0.148731 0.219567
0 0.183414 0.740308 0.153241 0.23135
0 0.776996 0.878201 0.15898 0.197046
0 0.945741 0.237845 0.107873 0.183951
0 0.67078 0.389305 0.168748 0.222984
0 0.570964 0.0654671 0.140934 0.129656
0 0.623299 0.599435 0.152975 0.205162
0 0.637191 0.827572 0.149668 0.194821
0 0.855313 0.065767 0.170534 0.130642
0 0.121574 0.23293 0.169234 0.223339
0 0.252465 0.089829 0.180834 0.179658
0 0.718252 0.601465 0.157283 0.200474
0 0.616346 0.962351 0.150553 0.0740425
0 0.0282052 0.111001 0.0562519 0.200151
0 0.0469865 0.922709 0.0938538 0.154582
0 0.858133 0.964896 0.165816 0.0702073
0 0.10503 0.0591245 0.146388 0.116999
0 0.0288816 0.3046 0.0573836 0.186698
