0 0.610328 0.0916378 0.19324 0.180608
0 0.557543 0.312753 0.156192 0.209438
0 0.909973 0.49168 0.176962 0.170936
0 0.333315 0.90103 0.18702 0.19642
0 0.136367 0.688147 0.17458 0.206104
0 0.361334 0.115398 0.167828 0.220757
0 0.173484 0.0882797 0.150555 0.176559
1 0.523631 0.764786 0.341834 0.455779
0 0.881103 0.277536 0.172952 0.223492
0 0.718369 0.372858 0.150639 0.202693
0 0.815376 0.642711 0.168937 0.171624
0 0.697654 0.944672 0.162954 0.108246
0 0.380875 0.538836 0.164937 0.209669
0 0.299297 0.35013 0.169023 0.232919
0 0.82123 0.169782 0.163066 0.21244
0 0.961927 0.605179 0.0757301 0.194773
2 0.679314 0.609445 0.0567335 0.0765074
0 0.0251108 0.559976 0.0502215 0.243353
0 0.205914 0.5195 0.160895 0.205729
0 0.948252 0.038048 0.103495 0.0755323
0 0.379975 0.407281 0.166562 0.185247
0 0.469502 0.0278123 0.124442 0.0556246
