0 0.928712 0.387953 0.141769 0.213769
1 0.31233 0.856301 0.202799 0.287256
0 0.0753239 0.780761 0.150648 0.198111
0 0.752507 0.93553 0.147663 0.128563
0 0.312734 0.259091 0.165422 0.201163
0 0.846817 0.593388 0.169623 0.173882
0 0.70514 0.560425 0.149508 0.162255
0 0.474146 0.500178 0.16468 0.226541
0 0.0800477 0.314296 0.144599 0.199715
0 0.0341427 0.451172 0.0682854 0.233134
0 0.860049 0.206997 0.18318 0.273363
0 0.934122 0.623898 0.130044 0.201621
0 0.560875 0.131807 0.197335 0.263614
0 0.724159 0.054701 0.145405 0.108096
0 0.21022 0.603504 0.167045 0.270995
0 0.971404 0.0830275 0.057192 0.166055
0 0.653697 0.24802 0.150732 0.208438
0 0.127551 0.110593 0.175635 0.21401
0 0.184834 0.92646 0.122161 0.146638
0 0.97678 0.870239 0.0463963 0.197669
0 0.597693 0.541262 0.141411 0.198816
