0 0.655551 0.820356 0.192257 0.231702
0 0.932009 0.0931465 0.135981 0.186293
0 0.804471 0.483728 0.177753 0.200126
1 0.428954 0.207857 0.36159 0.402598
0 0.615439 0.590907 0.193658 0.221171
0 0.775544 0.719726 0.191742 0.247325
0 0.299747 0.656933 0.163708 0.220026
0 0.46231 0.736435 0.175111 0.202405
0 0.211358 0.454567 0.163756 0.214088
0 0.464495 0.904788 0.169617 0.190424
0 0.924551 0.802586 0.150898 0.21879
0 0.156938 0.273725 0.162271 0.217026
0 0.716318 0.28913 0.146896 0.208077
0 0.117941 0.490715 0.17019 0.206302
0 0.812287 0.27085 0.15405 0.177508
0 0.779765 0.0851968 0.142586 0.169931
0 0.200796 0.0803806 0.16736 0.160761
0 0.200257 0.775303 0.184041 0.23034
0 0.311459 0.943896 0.16292 0.110179
0 0.963652 0.553376 0.0725311 0.225175
0 0.88655 0.915768 0.152461 0.168465
0 0.0322051 0.34964 0.0644102 0.267553
0 0.0261573 0.0855703 0.0523146 0.170924
0 0.547382 0.027696 0.184001 0.0550797
2 0.636199 0.440816 0.0567799 0.0769231
0 0.734721 0.983025 0.166432 0.0339495
