0 0.347518 0.443678 0.132237 0.280815
1 0.649659 0.768319 0.34911 0.431065
0 0.207801 0.405695 0.14518 0.191028
0 0.294577 0.193425 0.17942 0.196092
0 0.942462 0.52846 0.113793 0.215322
0 0.11039 0.81921 0.17448 0.251746
0 0.487 0.534109 0.161293 0.221483
0 0.167983 0.580311 0.163941 0.20302
0 0.619951 0.410947 0.176019 0.2156
0 0.962811 0.90922 0.0739326 0.181561
0 0.413672 0.768888 0.173443 0.227593
0 0.0817702 0.0727055 0.153328 0.144827
0 0.913447 0.171656 0.172245 0.229515
0 0.857308 0.650525 0.166902 0.213735
0 0.386679 0.0595333 0.164273 0.118343
0 0.312797 0.951706 0.151933 0.0958125
0 0.871817 0.762043 0.140383 0.187894
0 0.667573 0.187158 0.193288 0.257757
0 0.0322888 0.490522 0.0645776 0.187276
0 0.571766 0.0289734 0.172914 0.0577591
0 0.192849 0.0320726 0.190524 0.0638635
0 0.0629468 0.28228 0.125894 0.210334
0 0.0865071 0.970892 0.15794 0.0570396
0 0.820759 0.978642 0.176631 0.0420111
0 0.473432 0.946285 0.154503 0.106741
2 0.764343 0.95804 0.0515137 0.0735051
0 0.973412 0.0443765 0.0523682 0.0881342
0 0.824909 0.984548 0.188187 0.0308543
0 0.974227 0.692602 0.0513737 0.170092
0 0.206665 0.809647 0.163384 0.237148
0 0.761667 0.409725 0.157162 0.197664
0 0.81496 0.346818 0.152873 0.201078
