0 0.829217 0.389997 0.16325 0.221157
1 0.341537 0.317305 0.2503 0.273117
0 0.475502 0.548367 0.180644 0.242564
0 0.0836204 0.42105 0.149889 0.20054
0 0.962355 0.0872301 0.0752418 0.165723
0 0.0697877 0.760169 0.139575 0.225766
0 0.966644 0.937126 0.066655 0.125747
0 0.73643 0.799923 0.17803 0.196692
2 0.765512 0.568825 0.0554857 0.0794197
0 0.07285 0.914362 0.145229 0.170593
0 0.982063 0.541153 0.0358253 0.207717
0 0.950478 0.261735 0.0987732 0.230061
0 0.536797 0.300492 0.129632 0.199596
0 0.671487 0.166503 0.178113 0.234707
0 0.0323686 0.724738 0.0647373 0.199002
0 0.437143 0.0342095 0.202483 0.0678267
