0 0.94238 0.689093 0.113498 0.225147
0 0.62991 0.570978 0.165483 0.198851
0 0.270098 0.566642 0.179369 0.244593
1 0.56353 0.301557 0.325952 0.426322
0 0.361402 0.106103 0.153353 0.207417
0 0.112288 0.825802 0.17658 0.226749
0 0.45234 0.572156 0.192704 0.229013
0 0.750696 0.0900288 0.177423 0.180058
0 0.810823 0.493782 0.176245 0.205955
0 0.287298 0.833539 0.146744 0.192606
0 0.130257 0.429633 0.163017 0.223819
0 0.0315376 0.0916748 0.0630752 0.18227
0 0.96603 0.416361 0.067803 0.202696
0 0.829626 0.925953 0.204097 0.147273
0 0.17914 0.308611 0.195496 0.227743
0 0.0828584 0.933183 0.15955 0.132666
0 0.179378 0.0885909 0.171224 0.176805
0 0.916455 0.0556125 0.160657 0.109551
0 0.0257206 0.54794 0.0508068 0.204513
0 0.655332 0.803493 0.168916 0.234239
0 0.791854 0.627509 0.1903 0.212297
0 0.550193 0.782661 0.135057 0.181768
0 0.283175 0.929974 0.171076 0.138449
0 0.599221 0.960343 0.220556 0.0779057
0 0.0110961 0.806722 0.0218204 0.205836
0 0.120099 0.0332224 0.177063 0.0658817
