1 0.380083 0.299494 0.225132 0.270915
0 0.685371 0.355696 0.159726 0.184714
0 0.846132 0.641483 0.184359 0.205573
0 0.953805 0.904435 0.0923721 0.189484
0 0.420293 0.751582 0.169061 0.194305
2 0.885938 0.886748 0.0594435 0.0806015
0 0.0886104 0.780677 0.166688 0.215647
0 0.804951 0.241627 0.154541 0.227323
2 0.824765 0.879604 0.0617844 0.0864199
0 0.0470125 0.846397 0.0936113 0.293192
0 0.529163 0.675804 0.246582 0.277583
0 0.97077 0.0761867 0.0584595 0.152373
0 0.718929 0.734791 0.152152 0.237173
