1 0.210722 0.278816 0.234032 0.311855
0 0.592954 0.480164 0.150496 0.204148
0 0.895518 0.142986 0.171043 0.220602
2 0.664914 0.862966 0.0621567 0.0788171
0 0.911966 0.864979 0.161129 0.208436
0 0.7691 0.433461 0.168594 0.225505
0 0.483037 0.949344 0.152889 0.100839
0 0.115397 0.087889 0.167226 0.175778
0 0.446618 0.205414 0.178944 0.233933
0 0.939401 0.417178 0.120823 0.212371
0 0.647632 0.227936 0.162303 0.17275
0 0.247267 0.597215 0.174769 0.210797
0 0.0139483 0.828979 0.027749 0.174759
0 0.877734 0.424026 0.12512 0.187003
0 0.0546355 0.599593 0.109271 0.214228
0 0.0496186 0.313234 0.0989839 0.249659
0 0.13969 0.901367 0.194034 0.194956
0 0.379697 0.90126 0.150328 0.196288
0 0.536588 0.237452 0.155178 0.176757
0 0.617408 0.090578 0.176546 0.181156
0 0.979779 0.725021 0.0404418 0.212899
0 0.353383 0.0807954 0.196455 0.160318
0 0.0955019 0.927578 0.130523 0.144503
