0 0.10636 0.129152 0.184896 0.221053
1 0.257367 0.842538 0.339958 0.314925
1 0.407339 0.237026 0.292076 0.386805
0 0.108254 0.750497 0.161414 0.230216
0 0.636818 0.620299 0.14876 0.184056
0 0.963084 0.846573 0.073431 0.188356
0 0.566886 0.439341 0.144443 0.211
0 0.813321 0.601068 0.140692 0.202943
0 0.943993 0.630078 0.111581 0.185533
0 0.383824 0.498752 0.155848 0.170188
0 0.0697393 0.40714 0.135151 0.190405
0 0.653928 0.828191 0.149078 0.193272
0 0.957338 0.088292 0.0851666 0.176584
0 0.571522 0.73388 0.153712 0.206184
0 0.25709 0.406204 0.126845 0.156672
0 0.680804 0.930968 0.13247 0.137838
2 0.462727 0.58974 0.0583308 0.0722768
0 0.838641 0.870765 0.148251 0.179022
0 0.0786336 0.984363 0.128118 0.0312158
0 0.952608 0.977341 0.094628 0.0448962
0 0.0188552 0.309997 0.0377103 0.220079
0 0.812115 0.986833 0.152314 0.0262061
0 0.827099 0.130668 0.164895 0.183727
2 0.102331 0.0121446 0.0663869 0.0242892
0 0.0197552 0.862833 0.0389813 0.17018
