1 0.430394 0.528463 0.198694 0.287812
0 0.539653 0.300507 0.163679 0.228618
0 0.257769 0.787288 0.213067 0.256974
0 0.169809 0.24545 0.193969 0.216968
2 0.106362 0.112913 0.0632625 0.0899696
0 0.311694 0.122168 0.188477 0.185696
0 0.637246 0.464746 0.156378 0.182792
2 0.233323 0.556139 0.106403 0.136717
0 0.933482 0.0616744 0.133037 0.122108
0 0.969266 0.578084 0.0614153 0.207955
0 0.297163 0.946894 0.180462 0.10344
0 0.936498 0.793521 0.126328 0.234435
0 0.0719694 0.429241 0.143939 0.215415
0 0.0986729 0.749286 0.164042 0.153394
0 0.957846 0.336211 0.0843077 0.209483
0 0.957101 0.200645 0.0855431 0.199489
0 0.502517 0.100638 0.206325 0.201276
0 0.357074 0.247013 0.185611 0.214415
0 0.0756192 0.939836 0.142425 0.119839
0 0.826429 0.548843 0.158414 0.226803
0 0.812231 0.954186 0.155975 0.0900828
0 0.566037 0.920079 0.196526 0.157771
0 0.643599 0.787807 0.175953 0.228443
0 0.453195 0.757952 0.208259 0.213584
0 0.961847 0.7939 0.0761917 0.230661
0 0.123104 0.0239686 0.181749 0.0477155
