0 0.529657 0.703084 0.145061 0.179175
1 0.0796881 0.59956 0.159376 0.271005
0 0.453359 0.15683 0.182378 0.223878
0 0.514467 0.835186 0.137983 0.210957
0 0.848395 0.57824 0.183842 0.25982
0 0.115396 0.911113 0.142138 0.174109
0 0.681295 0.400642 0.162506 0.201803
2 0.633202 0.228185 0.0660021 0.0794659
0 0.652315 0.669353 0.167595 0.211693
2 0.589197 0.284328 0.0632835 0.0871651
2 0.0534146 0.257233 0.0642538 0.0836624
0 0.880383 0.94315 0.178993 0.112482
0 0.135431 0.436423 0.157157 0.149368
0 0.323714 0.579428 0.190268 0.26208
0 0.824809 0.068095 0.222251 0.135387
0 0.209108 0.939179 0.142968 0.11993
0 0.680977 0.946557 0.160638 0.106887
0 0.432871 0.699037 0.143607 0.175606
0 0.961467 0.721057 0.077058 0.250045
0 0.639128 0.0325585 0.202694 0.0650941
0 0.90908 0.79262 0.154797 0.179925
0 0.94864 0.0895216 0.102556 0.179043
0 0.394224 0.902048 0.185186 0.192527
0 0.815643 0.793065 0.165326 0.215284
2 0.529933 0.27078 0.0529051 0.0722431
0 0.964502 0.690267 0.0708973 0.189118
0 0.384064 0.92932 0.198583 0.14045
0 0.730062 0.852292 0.136565 0.182109
