0 0.740354 0.630499 0.195488 0.220961
1 0.419392 0.782368 0.404799 0.435265
0 0.415514 0.188579 0.144785 0.206348
0 0.584988 0.453153 0.189947 0.252689
0 0.86879 0.328302 0.193571 0.245547
0 0.518283 0.319676 0.142089 0.182421
0 0.302675 0.527104 0.170326 0.217047
0 0.706275 0.239479 0.14784 0.205385
0 0.105967 0.861644 0.156458 0.219573
0 0.12262 0.0858891 0.151804 0.171778
0 0.964098 0.448133 0.071629 0.212012
0 0.854161 0.0902864 0.173231 0.180573
0 0.590118 0.0780303 0.178548 0.156061
0 0.937316 0.847431 0.12525 0.211655
0 0.777391 0.843649 0.167973 0.19916
0 0.291692 0.0394674 0.148352 0.0787115
0 0.0321857 0.774356 0.0642006 0.204622
0 0.44067 0.0295159 0.15853 0.0588337
0 0.980683 0.0913196 0.0384796 0.179886
0 0.297666 0.211008 0.166791 0.241181
0 0.035537 0.492211 0.0710739 0.233574
0 0.164368 0.400484 0.218332 0.165719
0 0.614412 0.860997 0.151141 0.228866
0 0.680533 0.0543843 0.126082 0.107689
0 0.653335 0.98738 0.160166 0.0250584
0 0.0129742 0.0824328 0.0256863 0.164866
