1 0.472987 0.360869 0.291949 0.392064
0 0.880102 0.503955 0.146058 0.203108
2 0.102977 0.639254 0.109873 0.133777
0 0.640272 0.0765807 0.153553 0.152017
0 0.30092 0.921061 0.154517 0.157878
0 0.145507 0.447072 0.137828 0.218923
0 0.748112 0.448435 0.162562 0.202579
0 0.676532 0.692719 0.148579 0.190943
0 0.0522552 0.94437 0.104316 0.111261
0 0.0521753 0.296673 0.103163 0.22222
0 0.442698 0.682226 0.180093 0.223553
0 0.259435 0.2738 0.149664 0.188396
0 0.174228 0.943756 0.132991 0.110736
0 0.414761 0.0809849 0.178695 0.16197
0 0.239818 0.0777987 0.168878 0.154779
0 0.505255 0.923521 0.175452 0.151752
0 0.843657 0.841244 0.134214 0.219459
0 0.657062 0.895412 0.195718 0.209127
0 0.932316 0.958736 0.134136 0.0815102
0 0.957596 0.176514 0.0845051 0.207642
0 0.0543121 0.0976258 0.108374 0.195252
0 0.831434 0.284556 0.15674 0.207026
0 0.985401 0.535893 0.0291367 0.255688
0 0.854526 0.723978 0.157872 0.190231
0 0.775421 0.0471649 0.115013 0.0930814
0 0.966843 0.168181 0.0662739 0.183462
