1 0.44766 0.560143 0.274003 0.346947
0 0.906505 0.372948 0.185514 0.216173
2 0.0956943 0.981997 0.0859901 0.0357199
0 0.517813 0.0611904 0.1484 0.121669
0 0.24294 0.630923 0.15338 0.224803
2 0.188824 0.976699 0.0584531 0.0466024
0 0.0771933 0.525907 0.140591 0.160025
0 0.251181 0.413145 0.167086 0.204861
0 0.0407694 0.0488038 0.0813912 0.0973496
0 0.678227 0.843972 0.177429 0.214165
0 0.0414319 0.915583 0.0827283 0.168764
0 0.353133 0.088919 0.170969 0.177838
0 0.747603 0.20933 0.201375 0.253027
0 0.128087 0.775175 0.160917 0.199735
0 0.563429 0.320415 0.169256 0.227098
0 0.0719072 0.483959 0.140712 0.145885
0 0.678457 0.976295 0.198876 0.0467627
0 0.0677614 0.453384 0.135523 0.153942
