0 0.204979 0.615838 0.164524 0.196039
1 0.495437 0.177616 0.325438 0.351389
0 0.755745 0.719702 0.169147 0.203445
0 0.478429 0.720757 0.156757 0.200733
0 0.143791 0.881435 0.165914 0.193578
0 0.351163 0.716291 0.151557 0.198097
0 0.0886834 0.327256 0.144135 0.200456
0 0.90787 0.677102 0.155374 0.217544
0 0.248617 0.349823 0.17518 0.240191
0 0.60188 0.510356 0.159269 0.225913
0 0.0298325 0.15855 0.059665 0.221329
2 0.62353 0.931247 0.078403 0.101591
2 0.116773 0.032982 0.0589724 0.065964
0 0.0463732 0.835008 0.0925653 0.20562
0 0.36791 0.981992 0.171819 0.0360167
0 0.912106 0.952442 0.174426 0.0924337
0 0.534562 0.985627 0.180269 0.0287468
