1 0.58698 0.340234 0.329394 0.341638
0 0.231003 0.689541 0.158855 0.205116
0 0.600875 0.913757 0.165906 0.169302
0 0.288337 0.940104 0.178371 0.116382
0 0.103982 0.41824 0.157487 0.186934
0 0.463928 0.088364 0.179778 0.176728
0 0.311803 0.110882 0.16667 0.220309
0 0.642087 0.721089 0.154961 0.215402
0 0.489515 0.774696 0.159143 0.20072
0 0.113348 0.916282 0.148509 0.167437
0 0.702636 0.918477 0.154082 0.163045
2 0.214972 0.0698902 0.0564772 0.0736383
0 0.629153 0.587523 0.162753 0.186025
0 0.674031 0.0745132 0.182535 0.148193
0 0.974452 0.57867 0.0510966 0.174283
0 0.38602 0.470443 0.197721 0.246034
0 0.0435264 0.532253 0.085941 0.171383
0 0.975706 0.281668 0.0484982 0.185269
0 0.0740121 0.145632 0.148024 0.234714
0 0.772301 0.552423 0.150885 0.208467
0 0.0436496 0.346447 0.0872953 0.172712
0 0.389367 0.655729 0.140647 0.200123
0 0.778841 0.906736 0.140986 0.178142
0 0.859394 0.430467 0.144071 0.203327
0 0.359286 0.815834 0.141025 0.164862
