0 0.656174 0.342814 0.160406 0.264956
0 0.784721 0.098583 0.163043 0.197166
0 0.216865 0.743131 0.203898 0.219511
0 0.10729 0.0704641 0.173567 0.140289
0 0.884188 0.341478 0.160064 0.20926
0 0.0635791 0.898609 0.127017 0.201122
0 0.107111 0.520128 0.163059 0.236479
0 0.356384 0.541461 0.184025 0.228209
0 0.222921 0.937543 0.133407 0.123948
0 0.380368 0.929021 0.145375 0.141958
1 0.462735 0.23985 0.457102 0.478467
0 0.950648 0.591318 0.0987037 0.202907
0 0.0452274 0.266244 0.0902584 0.25161
0 0.631782 0.0789167 0.156619 0.156809
0 0.676423 0.780797 0.161462 0.222842
0 0.558887 0.97402 0.163894 0.0519608
0 0.97251 0.158951 0.0549794 0.186224
0 0.958503 0.87243 0.0829937 0.252787
0 0.65842 0.629416 0.195286 0.236441
0 0.261825 0.0435027 0.151626 0.0865751
0 0.519924 0.783649 0.170889 0.264475
0 0.016928 0.634904 0.0333963 0.227059
1 0.48356 0.316774 0.48312 0.633548
0 0.893978 0.984612 0.185324 0.0302096
