0 0.909934 0.929111 0.174284 0.141777
0 0.305995 0.684871 0.156879 0.200566
0 0.165437 0.252992 0.158276 0.208784
1 0.575999 0.639937 0.348412 0.438402
0 0.410589 0.211659 0.152063 0.181406
0 0.791522 0.77413 0.177696 0.228334
0 0.388708 0.407485 0.155185 0.217094
0 0.146692 0.632112 0.165501 0.226989
0 0.283487 0.914875 0.154609 0.17025
0 0.539563 0.0853546 0.170176 0.170709
0 0.0471802 0.102147 0.0928 0.19937
0 0.610718 0.368128 0.190679 0.212309
0 0.905508 0.596924 0.166849 0.191473
0 0.0310323 0.595763 0.0620646 0.201836
0 0.0395839 0.232901 0.0791678 0.203376
0 0.435625 0.89513 0.202485 0.209472
0 0.739661 0.0706435 0.204483 0.140343
0 0.0306707 0.804664 0.0609923 0.220962
2 0.900699 0.741105 0.0511511 0.0730728
0 0.496208 0.307537 0.147266 0.207213
0 0.778658 0.485022 0.160081 0.250303
0 0.952323 0.0460546 0.0939095 0.0912592
0 0.741539 0.265621 0.17093 0.209016
0 0.92362 0.443045 0.120735 0.175648
