1 0.123168 0.379927 0.245261 0.442076
0 0.630598 0.374736 0.190239 0.224625
0 0.303586 0.268147 0.161441 0.217802
0 0.786773 0.627871 0.1908 0.228688
0 0.657296 0.847936 0.158937 0.207719
0 0.178927 0.673153 0.153453 0.197753
0 0.817228 0.262895 0.147409 0.185357
0 0.406322 0.9269 0.182863 0.143918
0 0.597553 0.642433 0.167421 0.212458
0 0.91777 0.460535 0.163808 0.247237
0 0.173139 0.118166 0.137305 0.161946
0 0.302185 0.613785 0.163993 0.202053
0 0.950017 0.192845 0.099966 0.235289
0 0.626572 0.109528 0.149689 0.194982
0 0.28782 0.824956 0.154825 0.184932
0 0.405222 0.0781173 0.186598 0.156235
0 0.952367 0.938159 0.094315 0.122971
0 0.913379 0.781954 0.166921 0.220037
0 0.212014 0.95882 0.160872 0.0807599
0 0.238293 0.0189807 0.169776 0.0375896
0 0.639227 0.986049 0.16737 0.0278445
2 0.307377 0.468899 0.0618873 0.0862881
0 0.0591187 0.0586109 0.116573 0.116533
0 0.030516 0.0387925 0.0606908 0.077585
