0 0.0681031 0.637051 0.136206 0.225404
0 0.399136 0.559507 0.181351 0.226813
1 0.438554 0.134665 0.215744 0.262583
0 0.962805 0.588784 0.0742336 0.228793
0 0.285864 0.835891 0.164391 0.226611
0 0.825022 0.0872649 0.16717 0.17453
0 0.24209 0.57449 0.146114 0.19674
0 0.099659 0.199566 0.171137 0.26874
0 0.359511 0.947816 0.167221 0.102537
0 0.921237 0.909515 0.139672 0.180065
0 0.0208639 0.0949003 0.0417279 0.189801
0 0.369955 0.807943 0.162618 0.218222
2 0.547311 0.965692 0.0549199 0.0683029
0 0.909824 0.754353 0.148465 0.210387
0 0.371528 0.362103 0.166526 0.195723
0 0.0255509 0.348653 0.0511019 0.219997
0 0.316347 0.06153 0.184601 0.121953
