0 0.403428 0.620687 0.14821 0.215044
1 0.504502 0.18408 0.267368 0.324616
0 0.326058 0.826157 0.183728 0.262182
0 0.651257 0.537391 0.172437 0.221928
0 0.267408 0.303192 0.138925 0.150532
0 0.916025 0.827316 0.162147 0.218318
0 0.225595 0.431952 0.20582 0.226417
0 0.668489 0.743555 0.149383 0.194097
0 0.775135 0.756604 0.160341 0.201866
0 0.800119 0.567957 0.155361 0.207874
0 0.366842 0.970168 0.184783 0.0587591
0 0.0745085 0.539749 0.139906 0.218842
0 0.549471 0.618879 0.14342 0.20053
0 0.936174 0.150136 0.127528 0.234465
0 0.977607 0.646234 0.0447866 0.199811
0 0.711522 0.0544696 0.138488 0.107954
0 0.547974 0.988021 0.148242 0.0239574
0 0.901481 0.145972 0.190151 0.222732
0 0.87528 0.140611 0.146079 0.210565
0 0.0650773 0.380945 0.129725 0.253026
0 0.856706 0.885318 0.148332 0.195195
0 0.48523 0.629894 0.13745 0.20475
0 0.357913 0.0267806 0.1804 0.0532531
0 0.284681 0.0978888 0.176186 0.184291
0 0.545654 0.982808 0.156712 0.0337302
0 0.0210168 0.706818 0.041798 0.28537
