1 0.302621 0.410065 0.285917 0.343194
0 0.462284 0.774092 0.154173 0.186249
0 0.773251 0.677817 0.17217 0.198566
0 0.813899 0.357324 0.167908 0.228217
2 0.890037 0.966182 0.0688082 0.0676369
0 0.586656 0.187546 0.144343 0.186219
0 0.951135 0.508169 0.0975941 0.21501
0 0.631378 0.314286 0.154924 0.208127
0 0.716186 0.201021 0.142234 0.199122
0 0.940481 0.287766 0.11896 0.227423
0 0.585041 0.577964 0.159966 0.229347
0 0.412101 0.912831 0.183747 0.174277
0 0.086166 0.484797 0.134339 0.186033
0 0.589173 0.745695 0.147621 0.172116
2 0.551218 0.402611 0.0559501 0.0679846
0 0.622253 0.856693 0.16382 0.218672
0 0.0694776 0.782241 0.13826 0.226656
