1 0.396661 0.813171 0.346778 0.373658
0 0.929533 0.396453 0.139312 0.237448
0 0.0683647 0.899933 0.136729 0.195149
0 0.197097 0.76699 0.154721 0.214918
0 0.862978 0.222021 0.184442 0.251231
0 0.614151 0.625944 0.150217 0.218318
0 0.151073 0.535115 0.176952 0.189332
0 0.624468 0.254906 0.179372 0.31003
0 0.924806 0.879955 0.150389 0.239655
0 0.620601 0.898193 0.156894 0.202865
0 0.430719 0.379997 0.209488 0.284751
0 0.973749 0.613687 0.0525012 0.181531
0 0.320498 0.558927 0.136297 0.203969
0 0.0219403 0.72178 0.0429741 0.240067
0 0.21533 0.942525 0.112726 0.114609
0 0.260994 0.0272929 0.242109 0.0541638
