1 0.434451 0.703728 0.258335 0.351041
0 0.24359 0.718514 0.160674 0.279428
0 0.592587 0.298329 0.179541 0.244291
0 0.791805 0.255203 0.153146 0.246425
0 0.105687 0.932269 0.157181 0.134686
0 0.443524 0.0652943 0.181027 0.130204
0 0.106352 0.760926 0.142807 0.18544
0 0.497634 0.934262 0.160206 0.129963
0 0.7184 0.43871 0.190184 0.222065
0 0.413904 0.936212 0.138365 0.127092
2 0.38373 0.450398 0.0628653 0.0827888
0 0.272348 0.93833 0.171924 0.121816
0 0.0671738 0.111577 0.134136 0.196008
0 0.734056 0.925088 0.124414 0.148122
2 0.825225 0.935907 0.060928 0.0788621
0 0.0260365 0.586611 0.052073 0.202693
0 0.981528 0.609286 0.0368843 0.187325
0 0.239009 0.188473 0.156656 0.208791
0 0.104518 0.613955 0.163739 0.216
0 0.268829 0.0385402 0.175199 0.0764186
0 0.261377 0.340084 0.167691 0.206885
0 0.166335 0.513061 0.192009 0.192156
0 0.583556 0.0195603 0.148808 0.0389336
1 0.801264 0.0297019 0.231824 0.0594039
0 0.644012 0.821734 0.166045 0.211621
0 0.0152567 0.915823 0.0295764 0.168354
0 0.662392 0.841384 0.206306 0.254291
0 0.669936 0.139444 0.201302 0.234319
0 0.912418 0.733687 0.119393 0.173899
0 0.972959 0.927249 0.0540823 0.145502
