1 0.867753 0.799593 0.264494 0.400814
0 0.134413 0.446592 0.170684 0.194147
0 0.617682 0.227567 0.182657 0.215747
0 0.463022 0.821309 0.156327 0.208151
0 0.263921 0.775246 0.147731 0.2062
0 0.128009 0.836216 0.177452 0.212793
0 0.910116 0.552646 0.160703 0.176403
0 0.364012 0.105373 0.19431 0.210747
2 0.216125 0.0904033 0.0684241 0.0874828
0 0.099185 0.17448 0.157466 0.211778
0 0.724625 0.0822143 0.214299 0.164429
0 0.345445 0.323865 0.165237 0.203398
0 0.875947 0.308543 0.158329 0.208978
0 0.951907 0.134961 0.0953121 0.219822
0 0.506148 0.675037 0.170358 0.224918
2 0.704283 0.541568 0.0905535 0.126333
0 0.798507 0.337616 0.142504 0.177883
0 0.0747518 0.968765 0.147834 0.0623327
0 0.420564 0.970521 0.159392 0.057945
2 0.135145 0.267904 0.0636667 0.0839777
0 0.709065 0.378547 0.168731 0.217778
0 0.388114 0.408274 0.153795 0.177908
0 0.965759 0.429379 0.0677353 0.168153
0 0.716127 0.939104 0.115228 0.119138
0 0.0172522 0.375662 0.0345044 0.208886
0 0.330531 0.626097 0.196867 0.268419
0 0.0186515 0.852365 0.0364764 0.25937
