0 0.584576 0.882321 0.147919 0.211835
0 0.830374 0.917325 0.12516 0.164885
0 0.212002 0.721241 0.155365 0.192161
0 0.707397 0.908492 0.148082 0.165114
0 0.724759 0.619178 0.203442 0.249254
0 0.892506 0.425525 0.165791 0.20702
0 0.0833666 0.9194 0.151142 0.161159
1 0.11147 0.15373 0.18415 0.289205
0 0.380754 0.298376 0.148473 0.200497
0 0.285417 0.111395 0.161679 0.209183
2 0.137114 0.395892 0.0596653 0.0773265
2 0.554216 0.116064 0.0670776 0.0816062
0 0.0208038 0.478089 0.0415168 0.260186
0 0.570563 0.476949 0.176252 0.204138
0 0.933595 0.612625 0.132811 0.194298
0 0.945205 0.94288 0.109159 0.113424
0 0.525718 0.48687 0.126876 0.179818
0 0.0172641 0.884554 0.0338851 0.225888
2 0.370349 0.0272353 0.0641966 0.0543559
0 0.396808 0.479514 0.134381 0.184164
0 0.577039 0.578273 0.160295 0.188435
