1 0.469724 0.391056 0.329985 0.402849
0 0.121844 0.72152 0.181651 0.210033
0 0.918971 0.887083 0.160103 0.219229
0 0.857738 0.732229 0.161656 0.208672
0 0.123405 0.375165 0.170196 0.206778
0 0.34742 0.688112 0.16398 0.250076
0 0.460239 0.944038 0.137086 0.110764
0 0.89762 0.169224 0.199624 0.289995
0 0.539564 0.0758176 0.152307 0.150401
0 0.872366 0.481797 0.190557 0.275857
0 0.0250296 0.142228 0.0500592 0.197403
0 0.543761 0.948664 0.134679 0.102237
0 0.650552 0.293564 0.160516 0.21977
0 0.202095 0.241362 0.197654 0.240807
0 0.631505 0.982729 0.193854 0.034542
0 0.634858 0.741631 0.190336 0.216278
0 0.119013 0.196646 0.177901 0.239965
0 0.644319 0.977875 0.180714 0.0437698
