0 0.932639 0.833368 0.133441 0.234717
0 0.855138 0.629335 0.170107 0.241099
0 0.266633 0.795387 0.163268 0.215257
0 0.0961928 0.862686 0.179619 0.23579
1 0.461928 0.247081 0.310093 0.4479
0 0.8533 0.391703 0.165917 0.201856
0 0.413488 0.675568 0.162199 0.272478
2 0.737981 0.969685 0.0583464 0.0606309
0 0.9319 0.106254 0.13581 0.197651
0 0.27352 0.481747 0.177075 0.24148
0 0.0685201 0.320256 0.13704 0.230709
0 0.435355 0.914288 0.160154 0.168906
0 0.119742 0.636068 0.186761 0.21687
2 0.578279 0.770165 0.065766 0.0916697
0 0.969679 0.61692 0.0605282 0.194738
0 0.287955 0.096268 0.171578 0.192536
0 0.0365106 0.0799716 0.0730213 0.159943
2 0.585077 0.457782 0.0655846 0.0991111
0 0.675833 0.651888 0.186146 0.204686
0 0.970523 0.409038 0.0588736 0.19752
0 0.628434 0.0400505 0.240802 0.0791322
0 0.0962548 0.0969354 0.186745 0.193586
0 0.267453 0.324952 0.161245 0.204713
0 0.491379 0.954424 0.16073 0.0897435
0 0.686685 0.844201 0.169852 0.212924
