0 0.487324 0.414288 0.159354 0.270157
0 0.0863624 0.598306 0.172725 0.23921
0 0.129167 0.339708 0.182487 0.248908
0 0.91732 0.316814 0.163455 0.200808
0 0.212913 0.827105 0.197194 0.236289
0 0.0859139 0.0914155 0.169432 0.182831
0 0.286762 0.518696 0.169366 0.193736
0 0.520565 0.890674 0.146167 0.209354
0 0.613953 0.633019 0.194473 0.219482
0 0.87758 0.063538 0.206306 0.126127
0 0.921779 0.546513 0.15475 0.218391
1 0.404511 0.135794 0.393627 0.271588
0 0.957227 0.724959 0.0855253 0.204164
0 0.677095 0.936096 0.177664 0.124893
0 0.325262 0.313994 0.167399 0.205295
0 0.738082 0.777706 0.159377 0.186161
0 0.422744 0.673269 0.158403 0.218807
0 0.0453222 0.904715 0.0894775 0.190571
0 0.842183 0.89885 0.154999 0.201651
0 0.237683 0.973201 0.183286 0.0525903
0 0.347779 0.716586 0.119281 0.224197
