1 0.620305 0.168518 0.258936 0.320139
0 0.718604 0.937615 0.153705 0.124374
0 0.382834 0.305773 0.153536 0.18908
0 0.94407 0.258902 0.111673 0.206
0 0.289963 0.170753 0.150222 0.208366
0 0.51753 0.947009 0.129782 0.10537
0 0.810125 0.320346 0.166991 0.207961
0 0.205358 0.814279 0.197979 0.239796
0 0.954276 0.844663 0.0912525 0.193884
0 0.139137 0.94812 0.12345 0.102891
0 0.367347 0.807484 0.133531 0.165666
0 0.188977 0.47238 0.145533 0.168106
0 0.412763 0.0689587 0.17212 0.137209
0 0.953289 0.484874 0.0934227 0.22961
0 0.556038 0.430604 0.162368 0.189225
0 0.0591246 0.533807 0.117639 0.181277
0 0.140187 0.236044 0.133116 0.194806
0 0.969646 0.947397 0.0607091 0.104598
0 0.803489 0.514541 0.164462 0.185641
0 0.670665 0.69615 0.135461 0.171777
0 0.112242 0.0675124 0.137632 0.135025
0 0.0612537 0.565769 0.122507 0.251833
0 0.908905 0.69419 0.146314 0.211229
