0 0.0509841 0.810094 0.101241 0.214433
1 0.403305 0.434633 0.415985 0.423733
0 0.851095 0.0959066 0.149004 0.191813
0 0.429052 0.821593 0.165623 0.219128
0 0.707121 0.14886 0.158175 0.219948
0 0.915622 0.656856 0.168757 0.226784
0 0.625666 0.325746 0.149098 0.223768
0 0.601911 0.870803 0.147333 0.199699
0 0.78618 0.86789 0.166086 0.207372
0 0.0735871 0.38768 0.147174 0.20803
0 0.106309 0.24632 0.212617 0.250772
0 0.841327 0.241386 0.19076 0.227327
0 0.118654 0.0581957 0.152189 0.115867
1 0.269392 0.932896 0.38777 0.132074
0 0.693513 0.495245 0.157826 0.217046
0 0.932851 0.835251 0.134299 0.205482
0 0.593919 0.058012 0.165466 0.115342
0 0.148242 0.627125 0.196037 0.275094
0 0.927647 0.960433 0.142942 0.0778587
0 0.717274 0.962245 0.159469 0.0755098
0 0.980615 0.299803 0.0387642 0.205401
0 0.415738 0.966624 0.164476 0.0667524
0 0.499419 0.180639 0.15982 0.180836
0 0.785715 0.48096 0.18575 0.239442
