1 0.676795 0.748814 0.202331 0.262437
0 0.100721 0.498106 0.163887 0.23304
0 0.927878 0.594372 0.142867 0.205111
0 0.16532 0.250553 0.202623 0.231648
0 0.266069 0.0795151 0.150445 0.15903
0 0.407235 0.507077 0.138433 0.174978
0 0.376069 0.291834 0.172312 0.200359
0 0.759505 0.382917 0.184087 0.215841
0 0.341424 0.856064 0.140313 0.192872
0 0.149025 0.932139 0.179661 0.13359
0 0.819842 0.0625298 0.212524 0.124298
0 0.566932 0.0374049 0.193748 0.074483
0 0.130424 0.0674466 0.162849 0.133876
0 0.0352797 0.172613 0.0702338 0.29339
0 0.967703 0.343219 0.0645939 0.193573
0 0.32206 0.969086 0.18288 0.0612314
0 0.319271 0.956983 0.185195 0.0851893
0 0.849111 0.138074 0.139775 0.163549
