1 0.576737 0.88377 0.250875 0.230474
1 0.314017 0.441663 0.211811 0.247659
0 0.899445 0.916481 0.158618 0.164276
0 0.0350201 0.944297 0.0698884 0.111406
0 0.710245 0.573749 0.170408 0.183982
0 0.876116 0.488894 0.146145 0.173115
0 0.312255 0.889718 0.165471 0.220565
2 0.669401 0.226609 0.0630339 0.0742544
2 0.424626 0.839044 0.0812231 0.107132
0 0.145705 0.54403 0.153308 0.262484
0 0.155138 0.22237 0.140124 0.195403
0 0.925475 0.243543 0.148428 0.243623
0 0.161419 0.817472 0.165203 0.252757
0 0.829081 0.0735261 0.204056 0.146495
0 0.141592 0.0937237 0.184129 0.187447
0 0.902573 0.598944 0.172542 0.210097
0 0.0656779 0.220291 0.131356 0.239557
0 0.557368 0.0515982 0.141348 0.10182
0 0.952162 0.73077 0.0948778 0.213713
0 0.480031 0.687763 0.125013 0.151199
0 0.233543 0.03191 0.204125 0.0637875
0 0.614393 0.415203 0.15961 0.188901
0 0.661615 0.045551 0.177136 0.0899641
