1 0.489739 0.189961 0.337198 0.379811
0 0.11162 0.70746 0.15402 0.20376
0 0.560242 0.827002 0.195135 0.232883
0 0.0847877 0.908985 0.153027 0.177891
0 0.196641 0.157557 0.175038 0.22006
0 0.909869 0.517691 0.180261 0.263039
0 0.714359 0.083101 0.17675 0.165403
0 0.163562 0.437996 0.180132 0.256933
0 0.931665 0.828851 0.135438 0.211847
0 0.308634 0.781623 0.225613 0.257395
0 0.759208 0.679699 0.200162 0.19185
0 0.0686852 0.0866732 0.13737 0.173346
0 0.407102 0.95581 0.191296 0.0859197
0 0.848437 0.185561 0.185102 0.249041
0 0.0574592 0.242245 0.11445 0.269288
0 0.522695 0.572778 0.185448 0.236706
0 0.726184 0.341202 0.150609 0.174872
0 0.596112 0.606496 0.152326 0.198764
0 0.0183947 0.706729 0.035821 0.273553
0 0.329932 0.515757 0.192895 0.235533
