1 0.447337 0.328456 0.324058 0.433985
0 0.940194 0.678716 0.118445 0.204096
0 0.280197 0.533533 0.160463 0.223184
0 0.878643 0.494232 0.179437 0.223106
0 0.140322 0.411726 0.15159 0.195569
2 0.846388 0.306258 0.0600817 0.0787047
0 0.874228 0.831516 0.188085 0.237348
0 0.631983 0.841643 0.14969 0.207795
0 0.207125 0.179937 0.173836 0.236706
0 0.195332 0.875903 0.159158 0.207823
0 0.0400785 0.118785 0.0798467 0.1981
0 0.965076 0.108206 0.0696831 0.198592
0 0.811622 0.0805645 0.188958 0.160722
0 0.61864 0.624299 0.147739 0.20973
0 0.958607 0.326107 0.0827862 0.238237
0 0.032395 0.82287 0.06479 0.249142
0 0.0230517 0.541215 0.0451981 0.223191
0 0.615267 0.065895 0.20175 0.130395
0 0.191017 0.737108 0.149873 0.186776
0 0.668148 0.976616 0.180814 0.0467688
0 0.339068 0.0703634 0.13899 0.140727
0 0.039089 0.315586 0.078178 0.18309
0 0.983003 0.84053 0.0339516 0.204299
0 0.346178 0.972014 0.194862 0.0559716
0 0.570564 0.84222 0.138142 0.206109
0 0.113775 0.555409 0.165726 0.217027
0 0.540929 0.621135 0.137024 0.224512
2 0.198826 0.052347 0.0538973 0.0801117
0 0.712732 0.460659 0.174926 0.217813
0 0.357503 0.833346 0.161584 0.199098
0 0.292045 0.79849 0.158918 0.193981
0 0.442064 0.985582 0.187497 0.0287902
