1 0.131862 0.379606 0.259514 0.408135
0 0.184795 0.111237 0.1499 0.192927
0 0.357707 0.590898 0.167271 0.182874
0 0.460359 0.145467 0.160233 0.191731
0 0.0611904 0.876893 0.122381 0.192657
0 0.902683 0.327022 0.16407 0.217769
0 0.535676 0.323113 0.216869 0.164671
0 0.391796 0.807969 0.162035 0.20722
0 0.748319 0.752704 0.179112 0.205593
0 0.888649 0.499387 0.149149 0.218107
0 0.335195 0.320436 0.171116 0.24702
0 0.70526 0.562772 0.165117 0.187685
0 0.55513 0.63428 0.164971 0.219529
0 0.710223 0.437618 0.169749 0.215552
0 0.589729 0.92329 0.164625 0.152438
0 0.305119 0.172956 0.1377 0.21493
0 0.956495 0.815158 0.0870108 0.198002
2 0.835992 0.888416 0.0700638 0.0875758
2 0.0327493 0.0705007 0.0595601 0.0709047
0 0.691503 0.0648378 0.177238 0.128338
0 0.260311 0.629109 0.179499 0.272591
0 0.0326458 0.61955 0.0652915 0.168046
0 0.849469 0.974613 0.188384 0.0501266
2 0.976605 0.65056 0.0467907 0.0696192
0 0.969834 0.130001 0.0603318 0.231144
0 0.262833 0.975551 0.141031 0.0488986
0 0.549639 0.888906 0.14449 0.204889
0 0.950652 0.505149 0.0984344 0.191164
0 0.541966 0.0301315 0.160221 0.0595719
0 0.184448 0.665685 0.156079 0.208031
