1 0.268169 0.683581 0.237523 0.292154
0 0.627062 0.682632 0.129645 0.202431
0 0.898608 0.571052 0.178534 0.202591
0 0.0533984 0.38036 0.106322 0.183242
0 0.708331 0.205367 0.155372 0.216935
0 0.775412 0.746916 0.220274 0.250999
0 0.0515634 0.138918 0.102692 0.210394
2 0.442963 0.20539 0.0631566 0.0954748
0 0.663615 0.103375 0.167648 0.206296
0 0.288918 0.43607 0.150318 0.177659
0 0.928068 0.193853 0.143865 0.190601
0 0.630076 0.960742 0.112471 0.0774668
0 0.606279 0.960605 0.161653 0.0777106
0 0.725999 0.429478 0.206242 0.247535
0 0.473204 0.0535242 0.182482 0.106108
0 0.291415 0.937787 0.165183 0.12347
0 0.805764 0.089261 0.170644 0.178385
0 0.245383 0.939406 0.165221 0.119841
0 0.0440993 0.882667 0.0881986 0.216479
0 0.177825 0.0915585 0.164816 0.183117
