0 0.935853 0.291473 0.126504 0.211288
0 0.538463 0.243122 0.165966 0.234576
0 0.0996412 0.899801 0.16855 0.195005
1 0.364497 0.52927 0.330696 0.44924
0 0.835426 0.129166 0.17481 0.216982
0 0.29512 0.842498 0.159428 0.212196
0 0.623671 0.0716669 0.150251 0.142262
0 0.825107 0.440936 0.160299 0.226015
0 0.160156 0.18429 0.185108 0.223024
0 0.78171 0.336106 0.17397 0.18949
0 0.16857 0.73344 0.128026 0.19262
0 0.0334458 0.535742 0.0668916 0.239709
0 0.124586 0.38949 0.143959 0.194595
0 0.412439 0.954361 0.143337 0.0906085
0 0.593079 0.960666 0.152896 0.0769938
0 0.752514 0.897875 0.15896 0.202648
0 0.95751 0.890971 0.0848455 0.203166
0 0.400327 0.0597166 0.176963 0.118613
0 0.0151097 0.229587 0.0302195 0.176045
0 0.71079 0.660875 0.173768 0.221957
0 0.878382 0.984418 0.17912 0.0305954
0 0.983706 0.889618 0.0323353 0.205427
0 0.183107 0.0269883 0.225657 0.0534114
0 0.266429 0.187039 0.1288 0.151516
