1 0.298926 0.178835 0.313063 0.35767
0 0.802106 0.35236 0.187352 0.215033
0 0.278742 0.448295 0.164665 0.204824
0 0.0670689 0.669276 0.134138 0.168169
0 0.832232 0.938435 0.200615 0.121718
0 0.177278 0.771046 0.159219 0.202835
0 0.782707 0.726618 0.163305 0.227536
0 0.591024 0.260126 0.158692 0.220625
0 0.0783561 0.138971 0.156712 0.277942
0 0.505421 0.735137 0.132049 0.17693
0 0.57444 0.78119 0.168476 0.215789
0 0.357974 0.905027 0.15907 0.188235
0 0.523356 0.421366 0.13884 0.188601
0 0.493038 0.968912 0.174999 0.0621762
0 0.97278 0.778517 0.0544403 0.185531
0 0.652886 0.896298 0.160915 0.198729
0 0.0171626 0.490862 0.0342662 0.222871
0 0.109906 0.892009 0.168088 0.213796
0 0.951579 0.217631 0.0968416 0.240477
0 0.356901 0.67238 0.167354 0.212531
0 0.841509 0.0959286 0.172872 0.191857
0 0.0548806 0.868731 0.109678 0.214255
