1 0.4384 0.125317 0.324236 0.247839
0 0.409477 0.897151 0.18775 0.205699
0 0.129342 0.248296 0.162431 0.210703
0 0.352488 0.703351 0.164121 0.16039
0 0.664308 0.376431 0.142867 0.177791
0 0.566873 0.808318 0.177089 0.251142
0 0.750699 0.390215 0.152262 0.210347
0 0.96351 0.915553 0.0729504 0.168893
0 0.152727 0.902504 0.176261 0.194993
0 0.246671 0.194357 0.143463 0.201742
0 0.310381 0.457891 0.135372 0.187923
0 0.148012 0.533578 0.168169 0.244637
0 0.877689 0.732666 0.176141 0.210125
0 0.817095 0.922489 0.201723 0.155022
0 0.916183 0.223542 0.167634 0.208037
0 0.461827 0.54096 0.157615 0.219661
0 0.394077 0.320024 0.144031 0.169453
0 0.289716 0.971837 0.140968 0.0563222
0 0.0328166 0.582964 0.0656333 0.256164
0 0.226547 0.0306043 0.126676 0.0609102
0 0.774548 0.682103 0.156325 0.206189
0 0.906122 0.450304 0.180288 0.207606
0 0.0174922 0.815944 0.0349845 0.196141
0 0.665849 0.132058 0.203791 0.26144
0 0.921411 0.102481 0.156006 0.183277
0 0.0835295 0.0265369 0.160837 0.052975
0 0.0467088 0.989815 0.0934176 0.0201781
