1 0.49934 0.803378 0.387832 0.393245
0 0.143427 0.557808 0.133392 0.177623
0 0.217162 0.89467 0.137533 0.206825
0 0.301825 0.167211 0.178705 0.183645
0 0.0759611 0.899604 0.151922 0.199605
0 0.895704 0.669397 0.18369 0.224721
0 0.509332 0.164768 0.164765 0.193687
0 0.959612 0.137514 0.0807756 0.234872
0 0.795883 0.235411 0.141231 0.212581
0 0.0737009 0.722014 0.146322 0.197671
0 0.958797 0.28251 0.0822432 0.192151
0 0.45203 0.322601 0.196006 0.24671
0 0.85828 0.887001 0.156693 0.207467
0 0.743429 0.68867 0.116817 0.145076
0 0.110166 0.0977642 0.16126 0.195528
0 0.136598 0.187164 0.116785 0.17269
0 0.345525 0.962809 0.127015 0.0743821
0 0.685476 0.379735 0.159069 0.209737
0 0.341095 0.356882 0.080192 0.152719
0 0.851087 0.323967 0.160655 0.19279
0 0.162797 0.0188402 0.168794 0.0370406
0 0.0159226 0.681863 0.0313759 0.215346
0 0.0103747 0.115922 0.0203995 0.211606
