1 0.33456 0.103367 0.25439 0.206734
0 0.827277 0.937801 0.159649 0.123316
0 0.655983 0.146634 0.165419 0.205691
0 0.291205 0.499694 0.147008 0.214572
0 0.779262 0.576408 0.150425 0.208275
0 0.805492 0.22588 0.153385 0.217772
0 0.605856 0.652841 0.156438 0.198798
0 0.541146 0.179463 0.136825 0.188566
0 0.825668 0.0617183 0.142286 0.123189
0 0.7202 0.709544 0.136107 0.238118
0 0.474295 0.576625 0.153168 0.171555
1 0.949542 0.909907 0.100891 0.180185
0 0.0410982 0.670071 0.0820995 0.228472
0 0.665939 0.331889 0.214391 0.194745
0 0.152586 0.578799 0.190094 0.23237
0 0.236436 0.355488 0.153852 0.23403
0 0.0542514 0.104301 0.107783 0.193877
0 0.609027 0.972184 0.167185 0.0556321
0 0.364833 0.696166 0.15627 0.205868
0 0.0968994 0.890751 0.157801 0.179555
0 0.951326 0.60278 0.0973487 0.161089
0 0.956175 0.433285 0.0874741 0.169803
0 0.0560763 0.261397 0.111921 0.274168
2 0.0912338 0.413939 0.039844 0.0596226
1 0.968431 0.904747 0.0631373 0.190506
