0 0.0727271 0.0757356 0.142903 0.150513
1 0.423646 0.465197 0.288071 0.383409
0 0.235461 0.562984 0.137697 0.210954
0 0.724554 0.928309 0.187632 0.140973
0 0.669369 0.690898 0.173023 0.223426
0 0.858837 0.22713 0.174472 0.224634
0 0.0587895 0.646938 0.117579 0.202409
0 0.874166 0.0958916 0.1773 0.191783
0 0.169308 0.650684 0.143781 0.18451
0 0.110426 0.401994 0.131888 0.174307
0 0.407111 0.811527 0.158115 0.20645
0 0.685742 0.0541962 0.166478 0.106723
0 0.914472 0.449865 0.163066 0.21023
0 0.173024 0.208687 0.151607 0.244102
0 0.0340283 0.861658 0.0680566 0.187806
0 0.458795 0.950634 0.161694 0.0979093
0 0.35443 0.0467762 0.130356 0.0935523
0 0.662054 0.433181 0.153462 0.22608
0 0.0408577 0.298824 0.0814419 0.233959
0 0.0759683 0.985961 0.151937 0.0280777
0 0.545762 0.850892 0.142155 0.184547
0 0.734924 0.237614 0.16155 0.221775
0 0.496679 0.174352 0.204759 0.210324
0 0.0739274 0.982058 0.147855 0.0351758
0 0.981532 0.904042 0.0368708 0.191916
0 0.840802 0.954898 0.176056 0.0895814
0 0.985203 0.207623 0.0295834 0.279507
0 0.257172 0.331049 0.107157 0.16265
