1 0.191453 0.621541 0.228674 0.330121
0 0.32135 0.195856 0.205984 0.246502
0 0.686777 0.156493 0.201968 0.250014
0 0.380254 0.927933 0.180749 0.141945
0 0.203785 0.89781 0.167192 0.20438
0 0.48713 0.194584 0.173367 0.213377
0 0.370106 0.439595 0.17675 0.246634
0 0.452569 0.69043 0.166855 0.24058
2 0.730118 0.972895 0.0568865 0.0542091
0 0.0566756 0.781965 0.113351 0.23187
0 0.134413 0.11926 0.202865 0.228237
0 0.285347 0.0284807 0.1723 0.0569188
0 0.578637 0.944953 0.211861 0.108493
0 0.984456 0.64935 0.0309046 0.214507
0 0.484467 0.560439 0.1105 0.144651
0 0.955835 0.962736 0.0883305 0.0743262
0 0.948898 0.837645 0.102023 0.212896
