1 0.649758 0.234589 0.440163 0.467722
0 0.380222 0.800512 0.17039 0.225867
0 0.624018 0.76057 0.167403 0.237625
0 0.306624 0.610974 0.130521 0.193136
0 0.917914 0.255723 0.164172 0.231389
0 0.722092 0.490479 0.181374 0.195515
0 0.136182 0.666725 0.165701 0.198035
0 0.357966 0.301999 0.162347 0.224212
0 0.404765 0.630182 0.159615 0.21228
2 0.0131426 0.533315 0.0262852 0.0660063
0 0.897647 0.451952 0.200017 0.20469
0 0.0317487 0.834468 0.0634974 0.21657
0 0.0759799 0.348214 0.15196 0.247639
0 0.0666142 0.957777 0.133228 0.0840813
0 0.599242 0.53646 0.158976 0.224055
0 0.1578 0.803937 0.1748 0.217313
0 0.856073 0.89055 0.192868 0.211081
0 0.880178 0.033556 0.181842 0.06662
0 0.241485 0.332017 0.143959 0.219116
0 0.126375 0.138206 0.189937 0.210624
0 0.640106 0.927401 0.138899 0.144855
0 0.76549 0.973593 0.160935 0.0524218
0 0.0257972 0.0848531 0.0515945 0.163126
