0 0.62107 0.1025 0.196063 0.205
0 0.184632 0.678952 0.196135 0.215559
1 0.727167 0.403295 0.334806 0.490566
0 0.305742 0.497544 0.154169 0.231313
0 0.483462 0.731816 0.152569 0.211293
0 0.144226 0.395728 0.180246 0.235039
0 0.318358 0.774275 0.155797 0.202648
0 0.173527 0.19035 0.150169 0.197632
0 0.938709 0.0965237 0.12124 0.193041
0 0.391561 0.919 0.164286 0.161946
0 0.969559 0.281377 0.0608812 0.184228
0 0.177077 0.897443 0.181999 0.197586
0 0.627971 0.817459 0.167345 0.224189
0 0.876351 0.767701 0.14492 0.201257
0 0.0223536 0.903372 0.0441719 0.193256
0 0.956891 0.887697 0.0861034 0.224607
0 0.984914 0.475357 0.0300877 0.17084
0 0.0217318 0.658341 0.0426684 0.2285
0 0.806282 0.062847 0.163344 0.124641
0 0.360367 0.0335568 0.168063 0.0664071
0 0.0679767 0.0480575 0.135539 0.0950311
0 0.778099 0.705947 0.176807 0.225144
