1 0.320114 0.392166 0.28141 0.360993
0 0.450708 0.922141 0.145313 0.154979
0 0.893712 0.821402 0.152695 0.229317
0 0.720426 0.779435 0.153807 0.194231
0 0.264641 0.0974414 0.196672 0.194883
0 0.129128 0.466157 0.13271 0.219656
2 0.477723 0.0216713 0.0793823 0.0429969
0 0.785566 0.578915 0.134102 0.216427
0 0.0380649 0.388087 0.0759282 0.262075
0 0.0683671 0.700326 0.136009 0.174463
0 0.666782 0.397207 0.162161 0.189194
0 0.98539 0.232625 0.0289787 0.168557
0 0.0969384 0.0429809 0.190758 0.0849293
0 0.269878 0.838018 0.148306 0.193546
2 0.163135 0.913471 0.0626284 0.07584
0 0.156097 0.714073 0.150169 0.173396
0 0.923371 0.560998 0.152753 0.208798
0 0.547139 0.527868 0.146363 0.208655
0 0.816715 0.858177 0.14918 0.190177
0 0.86812 0.644937 0.144098 0.197592
0 0.981675 0.875868 0.0361584 0.248264
