1 0.274106 0.492553 0.468428 0.5107
0 0.928466 0.842961 0.138768 0.171702
0 0.644904 0.45947 0.17892 0.222595
0 0.918037 0.663438 0.163926 0.226308
0 0.925107 0.249348 0.14906 0.22744
0 0.41302 0.749517 0.172559 0.187401
0 0.622754 0.823477 0.145023 0.20158
0 0.773527 0.0676447 0.141283 0.133971
0 0.754891 0.267139 0.200214 0.235621
0 0.181353 0.104901 0.168452 0.207851
0 0.763106 0.64742 0.166496 0.213619
0 0.61439 0.0670728 0.170771 0.132747
0 0.350785 0.221089 0.197426 0.222672
0 0.301577 0.784256 0.166921 0.180144
0 0.542545 0.278768 0.181866 0.238321
0 0.0902984 0.873731 0.164438 0.210942
0 0.850582 0.433304 0.121922 0.143553
0 0.304582 0.904332 0.152076 0.18269
0 0.951126 0.336048 0.0977484 0.207134
0 0.696679 0.987972 0.144316 0.0239824
0 0.121405 0.946216 0.192862 0.1062
0 0.392205 0.927541 0.175444 0.142999
0 0.986028 0.927353 0.027787 0.145294
0 0.69344 0.982867 0.14181 0.033625
0 0.292539 0.0170907 0.162907 0.0336651
0 0.820355 0.814885 0.107881 0.216858
0 0.0721242 0.294362 0.143969 0.232081
0 0.930678 0.026984 0.138645 0.0534737
