1 0.363184 0.467755 0.300298 0.444291
0 0.0682814 0.892641 0.136339 0.208095
0 0.196287 0.290739 0.136045 0.210169
0 0.496616 0.707927 0.185377 0.227942
0 0.935089 0.0741967 0.127226 0.147532
0 0.905406 0.423908 0.171307 0.214361
0 0.644617 0.635949 0.194451 0.219345
0 0.964106 0.89843 0.0715525 0.202107
0 0.801781 0.879624 0.20584 0.239489
0 0.303326 0.820687 0.152225 0.178037
0 0.570428 0.0522302 0.141885 0.10304
0 0.209419 0.957222 0.168062 0.0835388
0 0.064235 0.598462 0.12847 0.22095
0 0.052614 0.287433 0.104863 0.204594
0 0.756638 0.234388 0.179925 0.244471
0 0.0763916 0.0926245 0.152783 0.185249
0 0.662521 0.873995 0.15599 0.241044
0 0.163939 0.581996 0.189237 0.252444
0 0.503566 0.924563 0.152831 0.15032
0 0.946981 0.251812 0.105259 0.20179
0 0.525468 0.205912 0.161644 0.209106
0 0.648767 0.353925 0.156867 0.188737
0 0.765518 0.0160273 0.161293 0.0314695
