0 0.747635 0.548764 0.171109 0.233805
1 0.499095 0.621419 0.202186 0.305825
0 0.27429 0.580947 0.160179 0.192267
0 0.44315 0.867194 0.173045 0.179061
0 0.134233 0.104381 0.162617 0.208763
2 0.143043 0.943632 0.0604103 0.0837626
2 0.0136533 0.62694 0.0273066 0.056869
0 0.0808823 0.395785 0.158279 0.228115
2 0.115043 0.838053 0.0539032 0.0704501
0 0.668563 0.0775483 0.137165 0.155097
0 0.967315 0.558385 0.065361 0.194862
0 0.913934 0.220618 0.165706 0.206057
0 0.0560825 0.861937 0.098459 0.129251
0 0.723416 0.080817 0.154989 0.161634
0 0.644493 0.353423 0.167236 0.224964
0 0.308709 0.936148 0.155766 0.12558
