1 0.542871 0.618346 0.252758 0.305897
0 0.586004 0.363852 0.158054 0.214299
0 0.846606 0.309892 0.169927 0.207353
2 0.656367 0.0667834 0.0855915 0.131683
0 0.0601256 0.147249 0.120251 0.223104
0 0.209229 0.105472 0.168186 0.210945
0 0.02573 0.632468 0.0514601 0.210043
0 0.495842 0.135892 0.181638 0.214184
0 0.911467 0.752314 0.144385 0.183114
0 0.158294 0.92227 0.162527 0.154955
0 0.557679 0.870286 0.108016 0.146606
0 0.736609 0.580049 0.167502 0.203493
1 0.956273 0.113925 0.0874536 0.22785
0 0.985647 0.659148 0.0284973 0.217784
1 0.978576 0.117719 0.0427593 0.235437
0 0.790408 0.855448 0.166579 0.207222
0 0.986082 0.378685 0.027606 0.232915
0 0.157148 0.393008 0.199678 0.260671
0 0.777181 0.456179 0.157924 0.187944
0 0.340953 0.968158 0.152263 0.063685
0 0.495564 0.347057 0.113225 0.205018
0 0.746399 0.136523 0.154987 0.203744
0 0.254407 0.926189 0.158111 0.146685
0 0.0429368 0.897023 0.0858576 0.187747
0 0.986441 0.507987 0.0269455 0.196674
