1 0.639165 0.769722 0.219695 0.282913
0 0.526054 0.459109 0.173413 0.214412
0 0.2451 0.831523 0.17597 0.239661
0 0.662271 0.406684 0.180642 0.210361
0 0.890787 0.333369 0.151193 0.205343
2 0.797849 0.434501 0.0523547 0.0674652
0 0.412288 0.119339 0.182746 0.23602
2 0.621087 0.259905 0.0676032 0.0909913
0 0.442501 0.87596 0.141256 0.211071
0 0.190205 0.303852 0.168277 0.205879
0 0.689596 0.102875 0.180585 0.204149
0 0.702976 0.942091 0.158876 0.114086
0 0.949743 0.84988 0.100513 0.195329
0 0.793544 0.0506456 0.182548 0.100433
0 0.980039 0.0783684 0.0396564 0.156737
0 0.81191 0.870745 0.172532 0.16949
0 0.0753358 0.321325 0.149018 0.198822
0 0.260785 0.0824717 0.153955 0.164943
