1 0.252628 0.336733 0.337253 0.439031
0 0.713687 0.0818921 0.197552 0.163065
0 0.845881 0.925299 0.154036 0.149402
0 0.69299 0.259886 0.190956 0.24174
0 0.698441 0.51643 0.15759 0.233727
0 0.516679 0.56184 0.168602 0.22825
0 0.0488322 0.820931 0.097515 0.197152
0 0.678045 0.907281 0.181796 0.184734
0 0.521595 0.832224 0.186021 0.230881
0 0.851981 0.456574 0.166391 0.26357
0 0.963057 0.909091 0.0737774 0.181818
0 0.877122 0.720115 0.178323 0.256788
0 0.93377 0.220743 0.131195 0.197114
0 0.0367224 0.622935 0.0733743 0.209658
0 0.685758 0.93996 0.173322 0.118658
0 0.14256 0.623663 0.164151 0.245108
0 0.0983818 0.936687 0.192336 0.126625
0 0.937828 0.0630907 0.123721 0.125167
