0 0.782132 0.873399 0.178249 0.253202
0 0.923343 0.0840029 0.152334 0.167345
0 0.610509 0.577048 0.163904 0.219755
0 0.0515779 0.131021 0.10287 0.25822
0 0.474335 0.63338 0.153432 0.186937
1 0.388234 0.128118 0.264554 0.253073
0 0.094833 0.35476 0.116594 0.155975
0 0.308171 0.427377 0.182269 0.23981
0 0.079075 0.925207 0.141073 0.148745
0 0.47514 0.454082 0.164318 0.228099
2 0.598621 0.016634 0.0507099 0.0327654
0 0.296095 0.937084 0.15117 0.124933
0 0.620367 0.953762 0.173781 0.0918368
0 0.773147 0.0602643 0.151688 0.120529
0 0.123389 0.468027 0.143935 0.190783
0 0.141436 0.929467 0.151861 0.140391
0 0.0698316 0.437212 0.124402 0.159769
0 0.190783 0.247628 0.147508 0.175337
0 0.0305144 0.710101 0.0610287 0.18106
0 0.410657 0.920212 0.114554 0.157846
0 0.864273 0.6137 0.180312 0.223531
