0 0.472256 0.792437 0.126339 0.179776
0 0.504601 0.467937 0.196657 0.247103
0 0.355361 0.0852481 0.197846 0.170325
1 0.103659 0.565316 0.203863 0.413894
0 0.0556656 0.894417 0.111298 0.210849
0 0.895752 0.308818 0.162753 0.213689
0 0.128454 0.142916 0.164438 0.20781
0 0.659441 0.316555 0.17491 0.254765
0 0.736991 0.713718 0.156494 0.192391
0 0.954243 0.751692 0.0915138 0.19949
0 0.64827 0.0578077 0.186996 0.114838
0 0.459861 0.950702 0.151476 0.0970131
0 0.182035 0.380208 0.137781 0.185929
0 0.03825 0.235913 0.0765001 0.219834
0 0.844404 0.0351396 0.20638 0.0698261
0 0.254066 0.921602 0.178228 0.154671
0 0.882866 0.541113 0.234268 0.250984
0 0.371671 0.639313 0.158964 0.201389
0 0.789663 0.192085 0.211014 0.216346
0 0.349167 0.8965 0.162503 0.202575
0 0.861409 0.871087 0.182644 0.254785
0 0.3625 0.281932 0.160047 0.188421
0 0.0516869 0.0483139 0.103374 0.0958392
2 0.553687 0.25508 0.0638827 0.0948171
2 0.194916 0.25509 0.0565571 0.07945
0 0.98528 0.920289 0.0294338 0.159423
