0 0.175727 0.925464 0.172109 0.147612
1 0.156692 0.545807 0.312981 0.440513
0 0.830763 0.853436 0.163569 0.225581
0 0.548224 0.889144 0.143083 0.201862
0 0.0574964 0.275104 0.11416 0.227555
0 0.3795 0.355639 0.174115 0.246046
0 0.674253 0.752217 0.164941 0.218315
0 0.563023 0.203841 0.178673 0.215492
0 0.394419 0.725726 0.174894 0.211414
0 0.769709 0.361185 0.146689 0.221001
0 0.948538 0.703171 0.101935 0.220191
0 0.858281 0.066141 0.159796 0.13144
0 0.0738449 0.844126 0.14769 0.231052
0 0.231263 0.269284 0.140377 0.20288
0 0.667493 0.384488 0.181531 0.222658
0 0.692894 0.53691 0.163307 0.216494
0 0.969804 0.941709 0.059684 0.115459
0 0.376239 0.112183 0.196496 0.224365
0 0.40864 0.944868 0.164688 0.107963
0 0.924315 0.339534 0.15137 0.20676
0 0.663703 0.0550551 0.164796 0.10936
0 0.180926 0.122264 0.218862 0.146349
0 0.490617 0.0523253 0.171634 0.103886
2 0.283264 0.70932 0.0766072 0.101146
0 0.982141 0.495802 0.0355375 0.165336
0 0.910274 0.215393 0.169991 0.181792
0 0.0240914 0.0729274 0.0480646 0.145855
