1 0.410566 0.25301 0.369882 0.477627
0 0.073898 0.675604 0.147796 0.216099
0 0.739952 0.849429 0.16293 0.186966
0 0.622484 0.136537 0.141731 0.210815
0 0.611376 0.37554 0.122238 0.165206
0 0.762879 0.0698034 0.149612 0.138345
0 0.499667 0.921772 0.176096 0.154965
0 0.929114 0.190674 0.140906 0.194525
0 0.182358 0.233372 0.152861 0.224118
0 0.903554 0.928918 0.169955 0.140411
2 0.257357 0.0281644 0.064859 0.0563287
0 0.0510688 0.247846 0.101799 0.209867
0 0.0944221 0.91625 0.178492 0.16739
0 0.766352 0.258047 0.146812 0.151835
2 0.494924 0.819528 0.0635679 0.0803365
0 0.47143 0.51334 0.184918 0.203115
0 0.218577 0.715735 0.150355 0.175716
0 0.194068 0.440011 0.154689 0.240473
0 0.951252 0.398229 0.0974957 0.219185
0 0.323457 0.987651 0.14971 0.0244989
0 0.460318 0.669176 0.153274 0.157155
0 0.322067 0.983023 0.155697 0.03336
0 0.621207 0.9605 0.108219 0.0780533
