0 0.211968 0.597169 0.17475 0.221264
0 0.0471442 0.287453 0.0942678 0.206882
0 0.905008 0.0910219 0.189983 0.181312
0 0.69549 0.694733 0.188393 0.283492
0 0.0517137 0.0598603 0.103141 0.119057
0 0.0681675 0.52831 0.136335 0.261893
1 0.46157 0.253625 0.275204 0.407594
0 0.797749 0.422027 0.172233 0.239388
0 0.842115 0.657067 0.153099 0.239082
0 0.485908 0.839404 0.182549 0.232427
0 0.294487 0.806369 0.186959 0.211419
0 0.175755 0.815742 0.154102 0.202875
0 0.318399 0.969114 0.173503 0.0617719
0 0.29716 0.410006 0.141855 0.209735
0 0.0592944 0.955907 0.116499 0.0873297
0 0.646221 0.0508871 0.177698 0.101084
0 0.129145 0.0450048 0.161165 0.0890671
2 0.538026 0.981811 0.0650391 0.0363774
0 0.908973 0.910038 0.181515 0.178878
0 0.276387 0.0523224 0.155427 0.10398
0 0.954374 0.694917 0.0910008 0.202446
0 0.721941 0.502437 0.175642 0.203082
0 0.3684 0.0466486 0.133806 0.0932973
0 0.621339 0.905924 0.146631 0.185589
