0 0.6765625 0.43645833333333334 0.140625 0.21875
0 0.49921875 0.9 0.1671875 0.19583333333333333
0 0.64453125 0.8552083333333333 0.1671875 0.19791666666666666
0 0.5734375 0.68125 0.190625 0.22083333333333333
0 0.1828125 0.7270833333333333 0.190625 0.22083333333333333
0 0.2375 0.4739583333333333 0.15 0.21458333333333332
0 0.703125 0.13125 0.2 0.24583333333333332
0 0.7734375 0.9041666666666667 0.14375 0.1875
0 0.7328125 0.6416666666666667 0.1375 0.23333333333333334
0 0.43828125 0.07604166666666666 0.1578125 0.14791666666666667
1 0.45390625 0.3614583333333333 0.3765625 0.48541666666666666
