0 0.5015625 0.23958333333333334 0.19375 0.2125
0 0.34921875 0.7166666666666667 0.1734375 0.225
0 0.50625 0.5072916666666667 0.14375 0.23125
0 0.79140625 0.26979166666666665 0.1671875 0.21875
0 0.64453125 0.45 0.1484375 0.22083333333333333
0 0.20234375 0.125 0.1484375 0.22083333333333333
0 0.05703125 0.628125 0.1109375 0.26875
0 0.91640625 0.4552083333333333 0.1578125 0.24375
0 0.56875 0.7 0.134375 0.19583333333333333
0 0.159375 0.9166666666666666 0.175 0.1625
1 0.76484375 0.7875 0.3609375 0.42083333333333334
