0 0.05546875 0.81875 0.1078125 0.2
0 0.140625 0.6739583333333333 0.165625 0.21875
0 0.278125 0.5614583333333333 0.165625 0.21875
0 0.3046875 0.8739583333333333 0.165625 0.21875
0 0.41640625 0.715625 0.1515625 0.19791666666666666
0 0.515625 0.88125 0.146875 0.22916666666666666
0 0.7734375 0.6333333333333333 0.178125 0.225
0 0.7296875 0.39166666666666666 0.175 0.22916666666666666
0 0.19140625 0.21666666666666667 0.1640625 0.22916666666666666
0 0.75390625 0.14166666666666666 0.1640625 0.22916666666666666
0 0.5875 0.65 0.178125 0.225
0 0.7359375 0.9010416666666666 0.159375 0.19375
0 0.9359375 0.8010416666666667 0.125 0.22708333333333333
1 0.42734375 0.30625 0.3609375 0.4666666666666667
2 0.87265625 0.39375 0.1234375 0.14583333333333334
2 0.84375 0.03958333333333333 0.071875 0.075
