0 0.68359375 0.6677083333333333 0.1765625 0.19375
0 0.77265625 0.4479166666666667 0.1859375 0.24583333333333332
0 0.6265625 0.3125 0.16875 0.225
0 0.521875 0.409375 0.1625 0.19375
0 0.6171875 0.09791666666666667 0.1625 0.19166666666666668
0 0.64140625 0.89375 0.1734375 0.20833333333333334
0 0.4296875 0.9229166666666667 0.171875 0.15
0 0.7875 0.1125 0.175 0.22083333333333333
0 0.9265625 0.8083333333333333 0.14375 0.225
0 0.34296875 0.24375 0.1453125 0.225
0 0.15703125 0.26458333333333334 0.1453125 0.225
0 0.08828125 0.375 0.1453125 0.225
1 0.22109375 0.65625 0.3546875 0.38333333333333336
