0 0.12109375 0.30833333333333335 0.1671875 0.225
0 0.72421875 0.634375 0.1921875 0.22291666666666668
0 0.73828125 0.8875 0.1921875 0.22083333333333333
0 0.91796875 0.11145833333333334 0.1546875 0.21875
0 0.60625 0.4197916666666667 0.14375 0.19791666666666666
0 0.78984375 0.2552083333333333 0.1671875 0.20625
0 0.23828125 0.578125 0.1671875 0.20625
0 0.15 0.6072916666666667 0.1875 0.21875
0 0.325 0.240625 0.1625 0.21875
0 0.675 0.4322916666666667 0.1375 0.17708333333333334
1 0.2890625 0.8875 0.2625 0.22083333333333333
1 0.45625 0.7 0.35 0.5041666666666667
