0 0.9203125 0.215625 0.15625 0.21041666666666667
0 0.70625 0.803125 0.184375 0.21458333333333332
0 0.87421875 0.7125 0.1828125 0.26666666666666666
0 0.7546875 0.12083333333333333 0.1875 0.2375
0 0.60390625 0.25416666666666665 0.1734375 0.19166666666666668
0 0.58671875 0.4979166666666667 0.1984375 0.2625
0 0.09921875 0.5083333333333333 0.1671875 0.2
0 0.26875 0.44166666666666665 0.184375 0.24583333333333332
0 0.47890625 0.3770833333333333 0.1796875 0.2
1 0.3140625 0.7885416666666667 0.45 0.41875
