1 0.17734375 0.6770833333333334 0.2828125 0.4
1 0.58515625 0.753125 0.4234375 0.45208333333333334
0 0.340625 0.565625 0.159375 0.24791666666666667
0 0.18671875 0.396875 0.1578125 0.21875
0 0.13203125 0.265625 0.1296875 0.18125
0 0.49453125 0.43645833333333334 0.1296875 0.18125
0 0.55078125 0.4635416666666667 0.1296875 0.18125
0 0.48203125 0.234375 0.1296875 0.18125
0 0.54453125 0.246875 0.1296875 0.18125
0 0.59453125 0.25729166666666664 0.1296875 0.18125
0 0.7859375 0.071875 0.146875 0.13958333333333334
0 0.58046875 0.07291666666666667 0.1796875 0.14166666666666666
0 0.3984375 0.04583333333333333 0.171875 0.0875
0 0.090625 0.08333333333333333 0.13125 0.1625
0 0.7375 0.2760416666666667 0.20625 0.21875
0 0.93671875 0.6052083333333333 0.1234375 0.22708333333333333
0 0.9453125 0.45208333333333334 0.10625 0.17916666666666667
0 0.94140625 0.24583333333333332 0.1140625 0.175
