0 0.72421875 0.4979166666666667 0.2046875 0.17916666666666667
0 0.74453125 0.23020833333333332 0.1890625 0.23958333333333334
0 0.9234375 0.24895833333333334 0.15 0.23958333333333334
0 0.5171875 0.19791666666666666 0.1625 0.21666666666666667
0 0.375 0.8354166666666667 0.1625 0.19166666666666668
0 0.503125 0.8145833333333333 0.11875 0.17916666666666667
0 0.60859375 0.7427083333333333 0.1578125 0.21041666666666667
0 0.71796875 0.809375 0.1953125 0.18541666666666667
0 0.77578125 0.709375 0.1953125 0.18541666666666667
0 0.0734375 0.8666666666666667 0.14375 0.21666666666666667
0 0.203125 0.2375 0.1875 0.17916666666666667
0 0.38359375 0.07395833333333333 0.1890625 0.14375
0 0.94765625 0.4864583333333333 0.1015625 0.22708333333333333
1 0.3734375 0.5239583333333333 0.3875 0.4895833333333333
2 0.07421875 0.64375 0.0734375 0.075
