0 0.46796875 0.32083333333333336 0.1828125 0.24583333333333332
0 0.69609375 0.7395833333333334 0.1828125 0.24583333333333332
0 0.84921875 0.8145833333333333 0.1828125 0.24583333333333332
0 0.91015625 0.36770833333333336 0.1765625 0.20625
0 0.9328125 0.5927083333333333 0.13125 0.24791666666666667
0 0.76796875 0.521875 0.1640625 0.20208333333333334
0 0.71796875 0.2864583333333333 0.1640625 0.20208333333333334
0 0.76015625 0.10520833333333333 0.1640625 0.20208333333333334
0 0.24921875 0.159375 0.1640625 0.20208333333333334
1 0.459375 0.7927083333333333 0.340625 0.41041666666666665
1 0.16953125 0.5229166666666667 0.3359375 0.525
