0 0.5765625 0.76875 0.171875 0.22083333333333333
0 0.76328125 0.7239583333333334 0.1984375 0.23125
0 0.7390625 0.915625 0.20625 0.16458333333333333
0 0.55234375 0.47604166666666664 0.2015625 0.22708333333333333
0 0.31796875 0.23854166666666668 0.2015625 0.22708333333333333
0 0.490625 0.20625 0.153125 0.20833333333333334
0 0.61171875 0.2791666666666667 0.1578125 0.19166666666666668
0 0.9234375 0.109375 0.15 0.21458333333333332
0 0.9234375 0.3541666666666667 0.15 0.21666666666666667
0 0.79453125 0.49583333333333335 0.1734375 0.24583333333333332
0 0.34765625 0.9010416666666666 0.1734375 0.19375
0 0.23125 0.759375 0.175 0.23125
0 0.221875 0.5364583333333334 0.175 0.23125
1 0.38984375 0.6395833333333333 0.1859375 0.2625
2 0.02109375 0.10208333333333333 0.0390625 0.0875
