1 0.740625 0.7614583333333333 0.184375 0.25625
0 0.3203125 0.8791666666666667 0.15625 0.1375
0 0.2265625 0.9114583333333334 0.153125 0.16041666666666668
0 0.0796875 0.646875 0.125 0.20625
0 0.0921875 0.753125 0.125 0.20625
0 0.084375 0.2635416666666667 0.125 0.20625
0 0.1125 0.4010416666666667 0.15625 0.21041666666666667
0 0.15703125 0.509375 0.1234375 0.21041666666666667
0 0.20703125 0.571875 0.1234375 0.21041666666666667
0 0.24453125 0.590625 0.1234375 0.21041666666666667
0 0.340625 0.6 0.146875 0.21666666666666667
0 0.4875 0.49583333333333335 0.146875 0.21666666666666667
0 0.375 0.3625 0.16875 0.25833333333333336
2 0.2453125 0.284375 0.053125 0.08125
2 0.609375 0.16979166666666667 0.053125 0.08125
0 0.5109375 0.28125 0.14375 0.17083333333333334
0 0.8765625 0.17083333333333334 0.14375 0.17083333333333334
0 0.81015625 0.159375 0.1453125 0.25625
0 0.9234375 0.39479166666666665 0.146875 0.25625
0 0.93828125 0.5260416666666666 0.1203125 0.19375
0 0.81484375 0.575 0.1453125 0.19583333333333333
0 0.75859375 0.49583333333333335 0.1453125 0.19583333333333333
0 0.68515625 0.46875 0.1453125 0.19583333333333333
0 0.9265625 0.7895833333333333 0.14375 0.19583333333333333
0 0.9265625 0.9010416666666666 0.14375 0.19375
0 0.83515625 0.9010416666666666 0.1453125 0.19375
0 0.28671875 0.12916666666666668 0.1453125 0.19583333333333333
0 0.67421875 0.16041666666666668 0.1453125 0.19583333333333333
