0 0.2609375 0.5114583333333333 0.18125 0.20625
0 0.35390625 0.725 0.1578125 0.21666666666666667
0 0.253125 0.7375 0.14375 0.1875
0 0.38203125 0.11354166666666667 0.1796875 0.22291666666666668
0 0.784375 0.8375 0.159375 0.21666666666666667
0 0.79609375 0.47604166666666664 0.1671875 0.23125
0 0.76875 0.575 0.165625 0.2125
0 0.49375 0.36770833333333336 0.171875 0.19791666666666666
0 0.93671875 0.27291666666666664 0.1234375 0.24583333333333332
0 0.91953125 0.07291666666666667 0.1578125 0.14166666666666666
0 0.78203125 0.07291666666666667 0.1578125 0.14166666666666666
0 0.58984375 0.096875 0.1578125 0.18958333333333333
0 0.73515625 0.234375 0.1546875 0.20208333333333334
0 0.43359375 0.328125 0.1546875 0.20208333333333334
0 0.18984375 0.19479166666666667 0.1546875 0.20208333333333334
0 0.11015625 0.6260416666666667 0.1671875 0.23125
0 0.47734375 0.5604166666666667 0.1578125 0.15
0 0.93046875 0.59375 0.1359375 0.21666666666666667
1 0.62109375 0.78125 0.2453125 0.325
