1 0.54609375 0.46770833333333334 0.3359375 0.4479166666666667
0 0.30390625 0.753125 0.1703125 0.22291666666666668
0 0.23515625 0.865625 0.1703125 0.22291666666666668
0 0.0703125 0.784375 0.1375 0.22291666666666668
0 0.22734375 0.5510416666666667 0.2078125 0.21875
0 0.26796875 0.334375 0.2078125 0.21875
0 0.82734375 0.3260416666666667 0.2078125 0.21875
0 0.91015625 0.29583333333333334 0.1765625 0.19583333333333333
0 0.9125 0.54375 0.171875 0.2375
0 0.81171875 0.76875 0.1734375 0.2375
0 0.61640625 0.7729166666666667 0.1953125 0.2375
0 0.49609375 0.7895833333333333 0.1953125 0.2375
0 0.50859375 0.9072916666666667 0.1921875 0.18125
0 0.10546875 0.3260416666666667 0.1734375 0.21041666666666667
0 0.91953125 0.08958333333333333 0.1578125 0.175
2 0.70390625 0.06354166666666666 0.0703125 0.08125
2 0.79921875 0.13645833333333332 0.0703125 0.08125
2 0.11015625 0.46979166666666666 0.0703125 0.08125
