0 0.41953125 0.6 0.1640625 0.1875
0 0.9171875 0.50625 0.1625 0.24583333333333332
0 0.3453125 0.365625 0.196875 0.16458333333333333
0 0.42578125 0.8822916666666667 0.1609375 0.16875
0 0.78828125 0.18854166666666666 0.1609375 0.16875
0 0.56328125 0.365625 0.1609375 0.16875
0 0.07421875 0.8364583333333333 0.1453125 0.19375
0 0.23515625 0.08229166666666667 0.1515625 0.16041666666666668
0 0.25859375 0.9104166666666667 0.1515625 0.1625
0 0.9234375 0.9166666666666666 0.15 0.1625
0 0.6421875 0.8947916666666667 0.153125 0.16458333333333333
1 0.24140625 0.6104166666666667 0.1765625 0.24166666666666667
