0 0.1796875 0.228125 0.15625 0.28125
0 0.67265625 0.0875 0.1796875 0.17083333333333334
0 0.44765625 0.11458333333333333 0.1859375 0.21666666666666667
0 0.85390625 0.375 0.1859375 0.21666666666666667
0 0.36640625 0.7083333333333334 0.1859375 0.21666666666666667
0 0.2390625 0.9020833333333333 0.184375 0.19166666666666668
0 0.57109375 0.85 0.1703125 0.2375
0 0.159375 0.659375 0.165625 0.18125
0 0.3421875 0.27291666666666664 0.16875 0.225
0 0.2765625 0.48020833333333335 0.221875 0.2604166666666667
0 0.81328125 0.9125 0.1703125 0.17083333333333334
0 0.934375 0.5302083333333333 0.128125 0.21875
1 0.56171875 0.5145833333333333 0.3328125 0.43333333333333335
2 0.1390625 0.07083333333333333 0.059375 0.07916666666666666
