0 0.36640625 0.5166666666666667 0.2046875 0.2875
0 0.73671875 0.821875 0.1515625 0.24375
0 0.90703125 0.8677083333333333 0.1515625 0.24375
0 0.62578125 0.18125 0.1484375 0.2
0 0.621875 0.384375 0.165625 0.2520833333333333
0 0.565625 0.6114583333333333 0.165625 0.2520833333333333
0 0.91484375 0.43645833333333334 0.1671875 0.24375
0 0.81875 0.2635416666666667 0.215625 0.23958333333333334
0 0.109375 0.525 0.20625 0.26666666666666666
0 0.2515625 0.284375 0.184375 0.24791666666666667
1 0.35859375 0.8114583333333333 0.3296875 0.3729166666666667
2 0.94921875 0.31354166666666666 0.0578125 0.06875
