0 0.78984375 0.13229166666666667 0.1703125 0.18541666666666667
0 0.7203125 0.34270833333333334 0.165625 0.19375
0 0.78515625 0.93125 0.2203125 0.13333333333333333
0 0.5015625 0.7979166666666667 0.1625 0.25
0 0.53671875 0.3854166666666667 0.1734375 0.19583333333333333
0 0.9140625 0.5520833333333334 0.1625 0.25
0 0.84140625 0.6625 0.1921875 0.20416666666666666
0 0.2765625 0.46979166666666666 0.13125 0.16458333333333333
0 0.09296875 0.5395833333333333 0.1703125 0.17083333333333334
0 0.15859375 0.8260416666666667 0.1859375 0.23541666666666666
1 0.31796875 0.23645833333333333 0.1828125 0.21875
0 0.934375 0.353125 0.128125 0.18541666666666667
0 0.51484375 0.9239583333333333 0.1484375 0.14791666666666667
0 0.3515625 0.809375 0.140625 0.18958333333333333
