0 0.13984375 0.8708333333333333 0.1578125 0.20416666666666666
0 0.09453125 0.6916666666666667 0.1515625 0.2
0 0.91328125 0.528125 0.1703125 0.19375
0 0.5453125 0.6427083333333333 0.159375 0.24791666666666667
0 0.6875 0.203125 0.15625 0.24375
0 0.2015625 0.12083333333333333 0.15625 0.19583333333333333
0 0.68984375 0.64375 0.1796875 0.1875
0 0.09453125 0.2760416666666667 0.1578125 0.20625
0 0.15546875 0.42083333333333334 0.1609375 0.2125
0 0.34765625 0.675 0.1546875 0.20416666666666666
0 0.9 0.8770833333333333 0.165625 0.2125
0 0.359375 0.10833333333333334 0.15 0.175
1 0.440625 0.4010416666666667 0.334375 0.4395833333333333
