0 0.10234375 0.59375 0.1515625 0.20833333333333334
0 0.40390625 0.6708333333333333 0.1515625 0.20833333333333334
0 0.6015625 0.3875 0.1875 0.21666666666666667
0 0.5078125 0.22395833333333334 0.171875 0.21041666666666667
0 0.34609375 0.090625 0.1921875 0.17708333333333334
0 0.38125 0.42291666666666666 0.16875 0.20833333333333334
0 0.753125 0.89375 0.16875 0.20833333333333334
0 0.8296875 0.5135416666666667 0.16875 0.21041666666666667
0 0.8296875 0.11875 0.1375 0.17083333333333334
0 0.8890625 0.33958333333333335 0.1375 0.17083333333333334
0 0.090625 0.7916666666666666 0.178125 0.24583333333333332
0 0.2625 0.74375 0.178125 0.20416666666666666
1 0.64296875 0.671875 0.2203125 0.2604166666666667
2 0.50859375 0.7447916666666666 0.0609375 0.06458333333333334
2 0.7125 0.45 0.05625 0.075
