2 0.82578125 0.44166666666666665 0.0703125 0.08333333333333333
1 0.43359375 0.47291666666666665 0.2421875 0.31666666666666665
0 0.346875 0.6958333333333333 0.228125 0.22083333333333333
0 0.22109375 0.409375 0.1609375 0.21875
0 0.08046875 0.23229166666666667 0.1578125 0.21875
0 0.08046875 0.134375 0.1578125 0.21875
0 0.1765625 0.06354166666666666 0.153125 0.12291666666666666
0 0.4109375 0.21979166666666666 0.16875 0.13958333333333334
0 0.70859375 0.6552083333333333 0.1546875 0.23125
0 0.37578125 0.8833333333333333 0.1546875 0.22916666666666666
0 0.13671875 0.628125 0.1546875 0.23125
0 0.709375 0.13958333333333334 0.18125 0.2125
0 0.94140625 0.30833333333333335 0.1140625 0.21666666666666667
0 0.90859375 0.74375 0.1796875 0.2125
0 0.92734375 0.915625 0.1421875 0.16458333333333333
0 0.67109375 0.8427083333333333 0.1546875 0.23125
0 0.7984375 0.9302083333333333 0.1375 0.13541666666666666
