0 0.79453125 0.328125 0.1671875 0.21458333333333332
0 0.84921875 0.6260416666666667 0.1671875 0.21458333333333332
0 0.9234375 0.45208333333333334 0.15 0.21666666666666667
0 0.94296875 0.7822916666666667 0.1109375 0.21875
0 0.57578125 0.8708333333333333 0.1828125 0.22083333333333333
0 0.559375 0.21145833333333333 0.1875 0.23125
0 0.39375 0.171875 0.153125 0.24375
0 0.69140625 0.1125 0.1515625 0.22083333333333333
0 0.0609375 0.42916666666666664 0.11875 0.22083333333333333
0 0.053125 0.89375 0.103125 0.20833333333333334
0 0.071875 0.07916666666666666 0.140625 0.15416666666666667
0 0.23828125 0.09791666666666667 0.1796875 0.19166666666666668
0 0.14765625 0.7572916666666667 0.1796875 0.19375
1 0.4578125 0.5510416666666667 0.328125 0.43125
2 0.47109375 0.8854166666666666 0.0453125 0.07916666666666666
