0 0.56484375 0.24583333333333332 0.1921875 0.2125
0 0.82421875 0.2833333333333333 0.1921875 0.2125
0 0.81171875 0.4083333333333333 0.1921875 0.2125
0 0.7421875 0.6302083333333334 0.190625 0.17708333333333334
0 0.36875 0.5114583333333333 0.15 0.21875
0 0.2125 0.6010416666666667 0.15 0.21875
0 0.11875 0.209375 0.15 0.21875
0 0.43671875 0.9125 0.1609375 0.17083333333333334
0 0.39375 0.3072916666666667 0.159375 0.18958333333333333
0 0.52578125 0.6864583333333333 0.1671875 0.21041666666666667
0 0.9359375 0.80625 0.125 0.2375
0 0.0890625 0.85625 0.171875 0.21666666666666667
1 0.70390625 0.8479166666666667 0.3359375 0.3
