0 0.1796875 0.8447916666666667 0.15 0.19375
0 0.6046875 0.9020833333333333 0.15 0.19166666666666668
0 0.72421875 0.78125 0.1765625 0.19583333333333333
0 0.771875 0.5729166666666666 0.15625 0.19166666666666668
0 0.7359375 0.36354166666666665 0.159375 0.20208333333333334
0 0.61875 0.525 0.1375 0.20833333333333334
0 0.27109375 0.315625 0.1703125 0.19791666666666666
0 0.53828125 0.27291666666666664 0.1796875 0.2375
0 0.16015625 0.140625 0.1734375 0.23125
0 0.38515625 0.11666666666666667 0.1921875 0.22916666666666666
0 0.15234375 0.471875 0.1703125 0.19791666666666666
0 0.0859375 0.553125 0.16875 0.19791666666666666
0 0.41328125 0.45416666666666666 0.1765625 0.21666666666666667
0 0.83828125 0.1625 0.1796875 0.2375
0 0.90859375 0.41770833333333335 0.1640625 0.22291666666666668
0 0.90234375 0.8875 0.1640625 0.22083333333333333
0 0.93046875 0.628125 0.1359375 0.21041666666666667
0 0.55625 0.08333333333333333 0.159375 0.1625
1 0.40859375 0.7677083333333333 0.3390625 0.4395833333333333
