0 0.7890625 0.4322916666666667 0.15 0.18125
0 0.84921875 0.6375 0.1328125 0.1875
0 0.94453125 0.7385416666666667 0.1078125 0.21458333333333332
0 0.82109375 0.83125 0.1671875 0.19166666666666668
0 0.140625 0.7427083333333333 0.14375 0.19375
0 0.12734375 0.909375 0.1765625 0.17708333333333334
0 0.28515625 0.6958333333333333 0.1921875 0.25
0 0.32890625 0.40520833333333334 0.1515625 0.22708333333333333
0 0.09140625 0.09166666666666666 0.1234375 0.17916666666666667
0 0.31796875 0.19166666666666668 0.1578125 0.1875
0 0.4296875 0.93125 0.134375 0.13333333333333333
0 0.22421875 0.20416666666666666 0.1515625 0.25
0 0.94765625 0.5291666666666667 0.1015625 0.19166666666666668
0 0.4265625 0.5552083333333333 0.15 0.18125
1 0.52578125 0.32083333333333336 0.3796875 0.475
