1 0.69765625 0.5625 0.3015625 0.37083333333333335
1 0.6 0.8645833333333334 0.23125 0.26666666666666666
2 0.8484375 0.740625 0.059375 0.08958333333333333
2 0.1109375 0.221875 0.059375 0.08958333333333333
0 0.3015625 0.4166666666666667 0.20625 0.2916666666666667
0 0.2359375 0.7427083333333333 0.16875 0.24375
0 0.084375 0.821875 0.165625 0.24375
0 0.184375 0.9229166666666667 0.175 0.15
0 0.875 0.103125 0.13125 0.20208333333333334
0 0.821875 0.15104166666666666 0.13125 0.23125
0 0.77265625 0.18645833333333334 0.1328125 0.23125
0 0.70546875 0.228125 0.1328125 0.23125
0 0.62578125 0.290625 0.1328125 0.23125
0 0.9328125 0.703125 0.13125 0.23125
0 0.9453125 0.85 0.10625 0.23333333333333334
0 0.21640625 0.15729166666666666 0.1140625 0.21875
0 0.28828125 0.15416666666666667 0.1296875 0.21666666666666667
0 0.5078125 0.14270833333333333 0.146875 0.21875
0 0.41171875 0.7125 0.1765625 0.24583333333333332
