0 0.275 0.909375 0.178125 0.17708333333333334
0 0.38125 0.08958333333333333 0.178125 0.175
0 0.865625 0.5791666666666667 0.165625 0.2
0 0.8953125 0.8989583333333333 0.165625 0.19791666666666666
0 0.55703125 0.475 0.1796875 0.22083333333333333
0 0.23984375 0.15416666666666667 0.1796875 0.22083333333333333
0 0.16015625 0.35833333333333334 0.1796875 0.22083333333333333
0 0.1578125 0.6760416666666667 0.16875 0.25625
0 0.91640625 0.7135416666666666 0.1640625 0.19791666666666666
0 0.753125 0.390625 0.165625 0.19791666666666666
1 0.36171875 0.30104166666666665 0.2015625 0.25625
1 0.6609375 0.8197916666666667 0.15 0.18958333333333333
