0 0.50390625 0.109375 0.1703125 0.19791666666666666
0 0.83203125 0.30520833333333336 0.1703125 0.19791666666666666
0 0.26640625 0.9 0.1703125 0.19583333333333333
0 0.584375 0.35625 0.203125 0.22916666666666666
0 0.68046875 0.21875 0.1671875 0.18333333333333332
0 0.64140625 0.09270833333333334 0.1765625 0.18125
0 0.36015625 0.25729166666666664 0.1703125 0.19791666666666666
0 0.33671875 0.38125 0.1609375 0.23333333333333334
0 0.765625 0.734375 0.184375 0.23958333333333334
0 0.73359375 0.9260416666666667 0.1703125 0.14375
0 0.56796875 0.91875 0.1984375 0.15833333333333333
0 0.94296875 0.4552083333333333 0.1109375 0.21041666666666667
0 0.13359375 0.80625 0.1421875 0.19583333333333333
0 0.17734375 0.45416666666666666 0.1609375 0.2791666666666667
2 0.434375 0.8625 0.053125 0.08333333333333333
1 0.54296875 0.6333333333333333 0.3265625 0.4
