0 0.10078125 0.6833333333333333 0.1578125 0.22083333333333333
0 0.0796875 0.8885416666666667 0.15625 0.21875
0 0.61484375 0.8729166666666667 0.1578125 0.22083333333333333
0 0.5296875 0.9010416666666666 0.140625 0.19375
0 0.590625 0.6145833333333334 0.140625 0.19583333333333333
0 0.375 0.13958333333333334 0.13125 0.275
0 0.7875 0.415625 0.1375 0.22291666666666668
0 0.8421875 0.41354166666666664 0.1375 0.22291666666666668
0 0.9234375 0.4354166666666667 0.15 0.2125
0 0.8984375 0.6645833333333333 0.171875 0.21666666666666667
0 0.55390625 0.46770833333333334 0.1390625 0.17291666666666666
0 0.915625 0.078125 0.165625 0.15208333333333332
1 0.54296875 0.21979166666666666 0.2046875 0.26458333333333334
2 0.78828125 0.7333333333333333 0.0609375 0.06666666666666667
