0 0.409375 0.8364583333333333 0.15 0.21458333333333332
0 0.75234375 0.7041666666666667 0.1328125 0.18333333333333332
0 0.25546875 0.5645833333333333 0.1890625 0.2125
0 0.5171875 0.5385416666666667 0.18125 0.18541666666666667
0 0.90234375 0.678125 0.1640625 0.17708333333333334
0 0.87734375 0.9104166666666667 0.1796875 0.175
0 0.23203125 0.9291666666666667 0.1734375 0.1375
0 0.103125 0.8260416666666667 0.184375 0.18125
0 0.65859375 0.35104166666666664 0.1515625 0.21875
0 0.79296875 0.365625 0.1359375 0.22291666666666668
0 0.51796875 0.2864583333333333 0.1359375 0.22291666666666668
0 0.609375 0.665625 0.171875 0.19375
0 0.94375 0.5010416666666667 0.109375 0.18958333333333333
0 0.70546875 0.9041666666666667 0.1765625 0.1875
1 0.278125 0.24166666666666667 0.3625 0.45416666666666666
