0 0.626563 0.494792 0.171875 0.172917
0 0.465625 0.640625 0.171875 0.172917
0 0.454688 0.462500 0.162500 0.200000
0 0.443750 0.092708 0.162500 0.181250
0 0.246094 0.111458 0.167187 0.218750
0 0.557813 0.231250 0.181250 0.212500
0 0.868750 0.161458 0.178125 0.206250
0 0.092188 0.697917 0.162500 0.200000
0 0.409375 0.864583 0.162500 0.200000
0 0.851562 0.304167 0.162500 0.200000
0 0.746875 0.070833 0.106250 0.137500
0 0.085156 0.920833 0.126562 0.154167
0 0.300000 0.666667 0.134375 0.170833
0 0.271875 0.876042 0.115625 0.160417
1 0.587500 0.841667 0.234375 0.241667
2 0.592969 0.671875 0.067187 0.093750
2 0.422656 0.228125 0.067187 0.093750