1 0.307812 0.692708 0.281250 0.377083
0 0.410938 0.328125 0.175000 0.214583
0 0.346875 0.378125 0.175000 0.214583
0 0.706250 0.463542 0.146875 0.214583
0 0.848437 0.328125 0.175000 0.214583
0 0.925000 0.773958 0.146875 0.235417
0 0.480469 0.884375 0.148438 0.227083
0 0.069531 0.652083 0.135937 0.195833
0 0.078125 0.395833 0.153125 0.216667
0 0.171875 0.289583 0.156250 0.216667
0 0.570312 0.162500 0.200000 0.237500
0 0.696094 0.237500 0.151562 0.225000
0 0.923438 0.616667 0.150000 0.225000
0 0.659375 0.456250 0.096875 0.212500
0 0.733594 0.084375 0.151562 0.164583
0 0.825781 0.084375 0.151562 0.164583
2 0.281250 0.226042 0.056250 0.072917
0 0.804688 0.657292 0.146875 0.214583
0 0.247656 0.090625 0.160938 0.177083
0 0.214844 0.902083 0.210938 0.183333