0 0.363281 0.761458 0.198437 0.164583
0 0.435156 0.503125 0.195312 0.227083
0 0.212500 0.350000 0.134375 0.166667
0 0.234375 0.632292 0.140625 0.243750
0 0.088281 0.438542 0.160938 0.202083
0 0.094531 0.619792 0.179688 0.189583
0 0.557031 0.563542 0.179688 0.189583
0 0.681250 0.580208 0.193750 0.206250
0 0.343750 0.931250 0.187500 0.133333
2 0.732031 0.868750 0.054688 0.070833
2 0.635156 0.952083 0.079687 0.070833
2 0.875000 0.829167 0.081250 0.116667
2 0.764062 0.939583 0.081250 0.095833
2 0.678906 0.161458 0.079687 0.077083
2 0.135156 0.187500 0.048438 0.058333
1 0.111719 0.843750 0.204687 0.308333