0 0.639062 0.330208 0.156250 0.239583
0 0.705469 0.862500 0.179688 0.204167
0 0.757812 0.479167 0.187500 0.241667
0 0.807813 0.689583 0.181250 0.170833
0 0.164844 0.905208 0.151562 0.185417
0 0.076563 0.586458 0.150000 0.202083
0 0.076563 0.365625 0.150000 0.202083
0 0.520312 0.160417 0.193750 0.233333
0 0.372656 0.343750 0.167187 0.229167
0 0.217969 0.297917 0.167187 0.229167
0 0.258594 0.183333 0.167187 0.229167
0 0.939844 0.466667 0.117188 0.208333
0 0.228906 0.541667 0.148438 0.200000
1 0.453125 0.592708 0.346875 0.460417