0 0.309375 0.732292 0.140625 0.177083
0 0.277344 0.916667 0.145313 0.162500
0 0.672656 0.480208 0.167187 0.227083
0 0.828906 0.662500 0.139063 0.183333
0 0.742188 0.078125 0.128125 0.152083
0 0.838281 0.217708 0.173437 0.206250
0 0.214062 0.337500 0.146875 0.183333
0 0.506250 0.382292 0.156250 0.193750
0 0.882812 0.053125 0.156250 0.102083
0 0.937500 0.378125 0.121875 0.206250
0 0.959375 0.720833 0.078125 0.175000
0 0.910156 0.907292 0.173437 0.181250
0 0.522656 0.137500 0.198437 0.200000
1 0.471094 0.844792 0.210938 0.306250
2 0.473438 0.661458 0.065625 0.089583