0 0.246875 0.225000 0.190625 0.204167
0 0.415625 0.185417 0.165625 0.212500
0 0.264844 0.637500 0.173437 0.216667
0 0.908594 0.531250 0.167187 0.191667
0 0.566406 0.293750 0.167187 0.191667
0 0.614062 0.277083 0.156250 0.166667
0 0.771875 0.197917 0.156250 0.166667
0 0.103906 0.519792 0.201563 0.260417
0 0.232031 0.863542 0.164062 0.218750
0 0.736719 0.736458 0.151562 0.185417
0 0.862500 0.882292 0.190625 0.231250
0 0.375000 0.380208 0.184375 0.202083
0 0.539062 0.838542 0.175000 0.206250
0 0.065625 0.165625 0.128125 0.231250
1 0.535937 0.539583 0.228125 0.279167
2 0.161719 0.387500 0.070312 0.075000