1 0.546094 0.467708 0.335938 0.447917
0 0.303906 0.753125 0.170313 0.222917
0 0.235156 0.865625 0.170313 0.222917
0 0.070312 0.784375 0.137500 0.222917
0 0.227344 0.551042 0.207813 0.218750
0 0.267969 0.334375 0.207813 0.218750
0 0.827344 0.326042 0.207813 0.218750
0 0.910156 0.295833 0.176563 0.195833
0 0.912500 0.543750 0.171875 0.237500
0 0.811719 0.768750 0.173437 0.237500
0 0.616406 0.772917 0.195312 0.237500
0 0.496094 0.789583 0.195312 0.237500
0 0.508594 0.907292 0.192188 0.181250
0 0.105469 0.326042 0.173437 0.210417
0 0.919531 0.089583 0.157812 0.175000
2 0.703906 0.063542 0.070312 0.081250
2 0.799219 0.136458 0.070312 0.081250
2 0.110156 0.469792 0.070312 0.081250