1 0.422656 0.695833 0.232813 0.320833
1 0.095312 0.202083 0.187500 0.237500
0 0.216406 0.879167 0.220312 0.212500
0 0.174219 0.698958 0.132812 0.197917
0 0.723437 0.223958 0.168750 0.222917
0 0.160938 0.407292 0.168750 0.222917
0 0.407813 0.234375 0.168750 0.222917
0 0.350000 0.413542 0.168750 0.222917
0 0.554688 0.159375 0.168750 0.222917
0 0.870313 0.461458 0.168750 0.222917
0 0.896875 0.307292 0.168750 0.222917
0 0.873437 0.173958 0.168750 0.222917
0 0.889062 0.931250 0.165625 0.133333
0 0.062500 0.789583 0.121875 0.233333
2 0.839844 0.822917 0.054688 0.075000
2 0.903906 0.800000 0.054688 0.075000
2 0.578906 0.941667 0.054688 0.075000
2 0.206250 0.294792 0.056250 0.064583
0 0.678906 0.761458 0.148438 0.193750
2 0.811719 0.683333 0.054688 0.075000