0 0.118750 0.311458 0.159375 0.247917
0 0.089063 0.103125 0.159375 0.202083
0 0.266406 0.081250 0.192188 0.158333
0 0.517969 0.129167 0.179688 0.233333
0 0.658594 0.481250 0.179688 0.241667
0 0.210156 0.660417 0.151562 0.212500
0 0.075781 0.768750 0.148438 0.229167
0 0.351562 0.804167 0.150000 0.229167
0 0.517969 0.741667 0.151562 0.208333
0 0.700000 0.721875 0.175000 0.210417
0 0.870313 0.876042 0.175000 0.210417
0 0.682813 0.234375 0.153125 0.210417
0 0.435156 0.928125 0.142187 0.139583
0 0.228125 0.927083 0.175000 0.137500
1 0.363281 0.375000 0.370312 0.475000
2 0.790625 0.488542 0.106250 0.139583
2 0.770312 0.132292 0.071875 0.085417