1 0.740625 0.761458 0.184375 0.256250
0 0.320312 0.879167 0.156250 0.137500
0 0.226562 0.911458 0.153125 0.160417
0 0.079687 0.646875 0.125000 0.206250
0 0.092188 0.753125 0.125000 0.206250
0 0.084375 0.263542 0.125000 0.206250
0 0.112500 0.401042 0.156250 0.210417
0 0.157031 0.509375 0.123438 0.210417
0 0.207031 0.571875 0.123438 0.210417
0 0.244531 0.590625 0.123438 0.210417
0 0.340625 0.600000 0.146875 0.216667
0 0.487500 0.495833 0.146875 0.216667
0 0.375000 0.362500 0.168750 0.258333
2 0.245312 0.284375 0.053125 0.081250
2 0.609375 0.169792 0.053125 0.081250
0 0.510938 0.281250 0.143750 0.170833
0 0.876563 0.170833 0.143750 0.170833
0 0.810156 0.159375 0.145313 0.256250
0 0.923438 0.394792 0.146875 0.256250
0 0.938281 0.526042 0.120313 0.193750
0 0.814844 0.575000 0.145313 0.195833
0 0.758594 0.495833 0.145313 0.195833
0 0.685156 0.468750 0.145313 0.195833
0 0.926562 0.789583 0.143750 0.195833
0 0.926562 0.901042 0.143750 0.193750
0 0.835156 0.901042 0.145313 0.193750
0 0.286719 0.129167 0.145313 0.195833
0 0.674219 0.160417 0.145313 0.195833