0 0.179688 0.228125 0.156250 0.281250
0 0.672656 0.087500 0.179688 0.170833
0 0.447656 0.114583 0.185938 0.216667
0 0.853906 0.375000 0.185938 0.216667
0 0.366406 0.708333 0.185938 0.216667
0 0.239063 0.902083 0.184375 0.191667
0 0.571094 0.850000 0.170313 0.237500
0 0.159375 0.659375 0.165625 0.181250
0 0.342187 0.272917 0.168750 0.225000
0 0.276562 0.480208 0.221875 0.260417
0 0.813281 0.912500 0.170313 0.170833
0 0.934375 0.530208 0.128125 0.218750
1 0.561719 0.514583 0.332813 0.433333
2 0.139063 0.070833 0.059375 0.079167