0 0.102344 0.593750 0.151562 0.208333
0 0.403906 0.670833 0.151562 0.208333
0 0.601562 0.387500 0.187500 0.216667
0 0.507812 0.223958 0.171875 0.210417
0 0.346094 0.090625 0.192188 0.177083
0 0.381250 0.422917 0.168750 0.208333
0 0.753125 0.893750 0.168750 0.208333
0 0.829688 0.513542 0.168750 0.210417
0 0.829688 0.118750 0.137500 0.170833
0 0.889062 0.339583 0.137500 0.170833
0 0.090625 0.791667 0.178125 0.245833
0 0.262500 0.743750 0.178125 0.204167
1 0.642969 0.671875 0.220312 0.260417
2 0.508594 0.744792 0.060937 0.064583
2 0.712500 0.450000 0.056250 0.075000