0 0.706250 0.616667 0.162500 0.204167
0 0.706250 0.739583 0.162500 0.204167
0 0.917969 0.495833 0.160938 0.204167
0 0.600781 0.091667 0.164062 0.179167
0 0.182031 0.193750 0.160938 0.233333
0 0.787500 0.107292 0.162500 0.181250
0 0.771875 0.414583 0.162500 0.225000
0 0.475000 0.447917 0.162500 0.204167
0 0.062500 0.345833 0.121875 0.208333
0 0.549219 0.867708 0.157812 0.210417
0 0.591406 0.296875 0.157812 0.210417
1 0.272656 0.791667 0.257812 0.287500
2 0.298438 0.250000 0.056250 0.075000
2 0.966406 0.873958 0.064062 0.085417