0 0.446094 0.591667 0.176563 0.191667
0 0.328125 0.419792 0.181250 0.231250
0 0.325000 0.415625 0.181250 0.231250
0 0.194531 0.517708 0.170313 0.214583
0 0.085938 0.086458 0.150000 0.168750
0 0.814063 0.155208 0.162500 0.193750
0 0.851562 0.389583 0.159375 0.208333
0 0.107813 0.729167 0.131250 0.187500
0 0.135937 0.312500 0.131250 0.187500
0 0.115625 0.491667 0.131250 0.187500
0 0.581250 0.655208 0.103125 0.218750
0 0.646875 0.213542 0.143750 0.181250
0 0.727344 0.381250 0.157812 0.179167
0 0.616406 0.928125 0.157812 0.139583
0 0.295312 0.622917 0.140625 0.204167
1 0.771875 0.686458 0.300000 0.422917
2 0.510156 0.837500 0.064062 0.079167