1 0.205469 0.386458 0.189062 0.247917
2 0.734375 0.144792 0.062500 0.077083
2 0.896875 0.788542 0.062500 0.077083
2 0.829688 0.923958 0.062500 0.077083
2 0.031250 0.463542 0.059375 0.077083
0 0.760938 0.317708 0.184375 0.206250
0 0.568750 0.632292 0.184375 0.206250
0 0.512500 0.869792 0.184375 0.206250
0 0.092969 0.611458 0.182812 0.206250
0 0.092969 0.742708 0.182812 0.206250
0 0.192969 0.940625 0.145313 0.114583
0 0.385156 0.248958 0.173437 0.268750
0 0.446875 0.457292 0.146875 0.193750
0 0.658594 0.790625 0.139063 0.218750
0 0.532813 0.423958 0.146875 0.193750