0 0.100781 0.683333 0.157812 0.220833
0 0.079687 0.888542 0.156250 0.218750
0 0.614844 0.872917 0.157812 0.220833
0 0.529687 0.901042 0.140625 0.193750
0 0.590625 0.614583 0.140625 0.195833
0 0.375000 0.139583 0.131250 0.275000
0 0.787500 0.415625 0.137500 0.222917
0 0.842187 0.413542 0.137500 0.222917
0 0.923438 0.435417 0.150000 0.212500
0 0.898438 0.664583 0.171875 0.216667
0 0.553906 0.467708 0.139063 0.172917
0 0.915625 0.078125 0.165625 0.152083
1 0.542969 0.219792 0.204687 0.264583
2 0.788281 0.733333 0.060937 0.066667