0 0.514844 0.351042 0.176563 0.222917
0 0.175781 0.326042 0.176563 0.222917
0 0.728125 0.220833 0.162500 0.266667
0 0.917969 0.287500 0.160938 0.266667
0 0.821875 0.535417 0.162500 0.266667
0 0.809375 0.835417 0.162500 0.266667
0 0.737500 0.865625 0.162500 0.264583
0 0.413281 0.473958 0.154688 0.222917
0 0.671094 0.488542 0.154688 0.222917
0 0.078125 0.244792 0.153125 0.222917
0 0.600000 0.091667 0.187500 0.179167
0 0.353125 0.073958 0.200000 0.143750
0 0.338281 0.453125 0.135937 0.218750
0 0.285156 0.507292 0.135937 0.218750
0 0.228906 0.548958 0.135937 0.218750
0 0.113281 0.590625 0.135937 0.218750
2 0.294531 0.171875 0.057813 0.072917
2 0.038281 0.871875 0.057813 0.072917
2 0.222656 0.671875 0.057813 0.072917
1 0.524219 0.798958 0.329688 0.397917
0 0.302344 0.751042 0.132812 0.260417
0 0.185156 0.120833 0.173437 0.162500