0 0.250781 0.837500 0.142187 0.183333
0 0.062500 0.745833 0.121875 0.179167
0 0.693750 0.748958 0.131250 0.227083
0 0.667969 0.193750 0.123438 0.208333
0 0.939844 0.081250 0.117188 0.158333
0 0.464062 0.896875 0.153125 0.202083
0 0.577344 0.927083 0.101562 0.141667
0 0.298438 0.443750 0.159375 0.175000
0 0.157812 0.487500 0.159375 0.175000
0 0.639062 0.413542 0.165625 0.210417
0 0.550000 0.379167 0.168750 0.225000
0 0.916406 0.611458 0.164062 0.210417
2 0.142187 0.137500 0.065625 0.116667
2 0.609375 0.070833 0.090625 0.091667
1 0.317969 0.151042 0.323437 0.297917