1 0.249219 0.587500 0.367188 0.412500
0 0.716406 0.575000 0.189062 0.225000
0 0.883594 0.327083 0.189062 0.225000
0 0.654687 0.758333 0.165625 0.204167
0 0.795312 0.752083 0.165625 0.204167
0 0.901563 0.622917 0.165625 0.204167
0 0.916406 0.800000 0.164062 0.204167
0 0.634375 0.191667 0.165625 0.204167
0 0.576562 0.191667 0.165625 0.204167
0 0.496875 0.154167 0.165625 0.204167
0 0.428125 0.139583 0.165625 0.204167
0 0.257812 0.089583 0.175000 0.175000
0 0.075781 0.484375 0.148438 0.277083
0 0.490625 0.917708 0.159375 0.160417
0 0.357812 0.917708 0.159375 0.160417
0 0.080469 0.081250 0.157812 0.158333
0 0.397656 0.364583 0.182812 0.166667
0 0.823438 0.907292 0.250000 0.181250
0 0.298438 0.243750 0.134375 0.229167
0 0.782813 0.089583 0.196875 0.175000