0 0.356250 0.737500 0.190625 0.233333
0 0.082031 0.721875 0.160938 0.214583
0 0.773438 0.209375 0.162500 0.214583
0 0.698438 0.255208 0.162500 0.214583
0 0.615625 0.363542 0.178125 0.268750
0 0.390625 0.411458 0.196875 0.235417
0 0.227344 0.100000 0.164062 0.195833
0 0.378906 0.214583 0.176563 0.212500
0 0.573438 0.089583 0.168750 0.175000
0 0.518750 0.643750 0.146875 0.191667
0 0.532813 0.773958 0.156250 0.189583
0 0.532813 0.878125 0.156250 0.189583
0 0.717187 0.903125 0.156250 0.189583
0 0.197656 0.734375 0.164062 0.235417
1 0.875781 0.751042 0.245312 0.385417
2 0.737500 0.646875 0.059375 0.077083
2 0.411719 0.059375 0.051562 0.089583