0 0.089063 0.886458 0.165625 0.206250
0 0.542188 0.207292 0.165625 0.206250
0 0.294531 0.514583 0.132812 0.162500
0 0.835156 0.744792 0.154688 0.206250
0 0.942187 0.507292 0.112500 0.210417
0 0.747656 0.238542 0.154688 0.206250
0 0.896094 0.126042 0.154688 0.189583
0 0.607812 0.101042 0.162500 0.197917
0 0.137500 0.414583 0.159375 0.237500
0 0.197656 0.222917 0.204687 0.287500
0 0.275000 0.907292 0.125000 0.168750
0 0.767969 0.464583 0.176563 0.179167
0 0.751563 0.940625 0.143750 0.106250
0 0.966406 0.220833 0.064062 0.191667
1 0.540625 0.713542 0.290625 0.364583
2 0.445312 0.142708 0.059375 0.060417
2 0.023438 0.554167 0.043750 0.066667