0 0.792188 0.618750 0.184375 0.220833
0 0.446094 0.546875 0.148438 0.197917
0 0.092188 0.714583 0.137500 0.262500
0 0.462500 0.246875 0.178125 0.202083
0 0.825781 0.144792 0.192188 0.235417
0 0.728125 0.381250 0.168750 0.220833
0 0.606250 0.407292 0.184375 0.243750
0 0.647656 0.900000 0.185938 0.195833
0 0.610938 0.643750 0.159375 0.208333
0 0.350000 0.386458 0.156250 0.197917
0 0.229687 0.219792 0.153125 0.243750
0 0.229687 0.451042 0.140625 0.252083
0 0.337500 0.081250 0.171875 0.158333
1 0.301563 0.807292 0.356250 0.381250
2 0.867188 0.252083 0.059375 0.079167
2 0.820312 0.286458 0.056250 0.072917