2 0.825781 0.441667 0.070312 0.083333
1 0.433594 0.472917 0.242188 0.316667
0 0.346875 0.695833 0.228125 0.220833
0 0.221094 0.409375 0.160938 0.218750
0 0.080469 0.232292 0.157812 0.218750
0 0.080469 0.134375 0.157812 0.218750
0 0.176563 0.063542 0.153125 0.122917
0 0.410938 0.219792 0.168750 0.139583
0 0.708594 0.655208 0.154688 0.231250
0 0.375781 0.883333 0.154688 0.229167
0 0.136719 0.628125 0.154688 0.231250
0 0.709375 0.139583 0.181250 0.212500
0 0.941406 0.308333 0.114062 0.216667
0 0.908594 0.743750 0.179688 0.212500
0 0.927344 0.915625 0.142187 0.164583
0 0.671094 0.842708 0.154688 0.231250
0 0.798438 0.930208 0.137500 0.135417