1 0.210156 0.639583 0.323437 0.412500
0 0.489063 0.703125 0.181250 0.227083
0 0.720313 0.737500 0.175000 0.275000
0 0.667969 0.312500 0.182812 0.304167
0 0.226562 0.298958 0.171875 0.189583
0 0.403125 0.855208 0.171875 0.189583
0 0.582031 0.911458 0.170313 0.172917
0 0.947656 0.459375 0.101562 0.252083
0 0.804688 0.240625 0.153125 0.243750
0 0.925781 0.200000 0.142187 0.200000
0 0.858594 0.561458 0.154688 0.231250
0 0.377344 0.135417 0.179688 0.220833
0 0.253906 0.181250 0.179688 0.220833
0 0.789062 0.919792 0.156250 0.156250
0 0.584375 0.916667 0.156250 0.158333