1 0.303906 0.589583 0.270313 0.370833
2 0.185156 0.717708 0.060937 0.064583
2 0.263281 0.032292 0.060937 0.060417
2 0.646094 0.446875 0.060937 0.064583
0 0.114844 0.435417 0.176563 0.191667
0 0.089063 0.506250 0.175000 0.191667
0 0.532031 0.391667 0.160938 0.191667
0 0.611719 0.264583 0.160938 0.191667
0 0.521094 0.154167 0.182812 0.216667
0 0.796875 0.231250 0.215625 0.216667
0 0.820312 0.422917 0.168750 0.250000
0 0.934375 0.872917 0.128125 0.250000
0 0.737500 0.888542 0.206250 0.218750
0 0.516406 0.904167 0.182812 0.187500
0 0.671875 0.622917 0.162500 0.208333
0 0.089844 0.165625 0.132812 0.281250