0 0.677344 0.679167 0.173437 0.200000
0 0.803125 0.254167 0.206250 0.229167
0 0.560156 0.175000 0.157812 0.254167
0 0.099219 0.580208 0.167187 0.243750
0 0.192188 0.530208 0.181250 0.268750
0 0.351562 0.261458 0.168750 0.247917
0 0.308594 0.803125 0.192188 0.235417
0 0.452344 0.766667 0.189062 0.191667
0 0.144531 0.880208 0.210938 0.227083
0 0.671094 0.894792 0.185938 0.197917
0 0.908594 0.105208 0.176563 0.177083
0 0.125781 0.182292 0.189062 0.247917
0 0.873437 0.643750 0.153125 0.208333
0 0.941406 0.434375 0.114062 0.235417
0 0.785156 0.459375 0.245312 0.239583
1 0.493750 0.484375 0.409375 0.439583
2 0.531250 0.876042 0.062500 0.093750
2 0.242188 0.215625 0.087500 0.102083