1 0.697656 0.562500 0.301563 0.370833
1 0.600000 0.864583 0.231250 0.266667
2 0.848437 0.740625 0.059375 0.089583
2 0.110937 0.221875 0.059375 0.089583
0 0.301563 0.416667 0.206250 0.291667
0 0.235937 0.742708 0.168750 0.243750
0 0.084375 0.821875 0.165625 0.243750
0 0.184375 0.922917 0.175000 0.150000
0 0.875000 0.103125 0.131250 0.202083
0 0.821875 0.151042 0.131250 0.231250
0 0.772656 0.186458 0.132812 0.231250
0 0.705469 0.228125 0.132812 0.231250
0 0.625781 0.290625 0.132812 0.231250
0 0.932813 0.703125 0.131250 0.231250
0 0.945312 0.850000 0.106250 0.233333
0 0.216406 0.157292 0.114062 0.218750
0 0.288281 0.154167 0.129688 0.216667
0 0.507812 0.142708 0.146875 0.218750
0 0.411719 0.712500 0.176563 0.245833