0 0.692969 0.267708 0.182812 0.260417
0 0.490625 0.239583 0.165625 0.175000
0 0.835938 0.478125 0.162500 0.306250
0 0.671875 0.667708 0.156250 0.214583
0 0.212500 0.085417 0.175000 0.166667
0 0.757031 0.926042 0.117188 0.143750
0 0.419531 0.839583 0.204687 0.220833
0 0.565625 0.803125 0.137500 0.197917
0 0.078906 0.411458 0.154688 0.231250
0 0.868750 0.159375 0.156250 0.231250
0 0.941406 0.907292 0.114062 0.181250
1 0.449219 0.526042 0.310937 0.364583
0 0.239063 0.500000 0.165625 0.175000
0 0.315625 0.746875 0.196875 0.227083