0 0.590625 0.321875 0.146875 0.185417
0 0.419531 0.782292 0.176563 0.239583
0 0.312500 0.240625 0.193750 0.256250
0 0.219531 0.107292 0.123438 0.147917
0 0.512500 0.141667 0.162500 0.225000
0 0.764062 0.296875 0.140625 0.193750
0 0.914062 0.754167 0.168750 0.220833
0 0.935937 0.544792 0.125000 0.206250
0 0.796094 0.573958 0.145313 0.197917
0 0.920312 0.321875 0.156250 0.197917
0 0.804688 0.938542 0.156250 0.118750
0 0.775000 0.762500 0.159375 0.204167
0 0.078125 0.448958 0.153125 0.239583
0 0.532813 0.429167 0.159375 0.216667
1 0.202344 0.606250 0.351562 0.445833
2 0.414844 0.290625 0.064062 0.077083