0 0.723437 0.223958 0.175000 0.210417
0 0.538281 0.234375 0.129688 0.210417
0 0.483594 0.916667 0.148438 0.162500
0 0.443750 0.500000 0.140625 0.220833
0 0.417969 0.211458 0.117188 0.189583
0 0.837500 0.647917 0.156250 0.233333
0 0.772656 0.829167 0.145313 0.179167
0 0.916406 0.918750 0.154688 0.158333
0 0.696094 0.945833 0.154688 0.104167
0 0.564844 0.700000 0.145313 0.179167
0 0.650000 0.644792 0.150000 0.214583
0 0.082031 0.897917 0.151562 0.200000
0 0.052344 0.666667 0.101562 0.241667
1 0.273438 0.764583 0.350000 0.416667
2 0.738281 0.346875 0.064062 0.081250
2 0.942969 0.570833 0.076563 0.083333