1 0.217188 0.583333 0.362500 0.595833
0 0.793750 0.778125 0.209375 0.206250
0 0.656250 0.490625 0.150000 0.181250
0 0.551562 0.534375 0.150000 0.181250
0 0.429688 0.757292 0.153125 0.314583
0 0.563281 0.762500 0.148438 0.200000
0 0.514844 0.898958 0.148438 0.197917
0 0.791406 0.315625 0.189062 0.227083
0 0.782031 0.101042 0.189062 0.197917
0 0.425781 0.317708 0.182812 0.189583
0 0.572656 0.308333 0.214062 0.262500
0 0.109375 0.284375 0.196875 0.252083
0 0.090625 0.098958 0.178125 0.193750
0 0.531250 0.068750 0.168750 0.133333
0 0.346094 0.145833 0.210938 0.237500
2 0.738281 0.900000 0.064062 0.070833
0 0.823438 0.413542 0.150000 0.181250
0 0.285938 0.908333 0.150000 0.179167