0 0.440625 0.396875 0.175000 0.206250
0 0.392188 0.204167 0.212500 0.241667
0 0.598437 0.406250 0.175000 0.216667
0 0.871875 0.712500 0.165625 0.212500
0 0.915625 0.902083 0.162500 0.191667
0 0.338281 0.917708 0.160938 0.160417
0 0.517188 0.711458 0.181250 0.202083
0 0.075000 0.097917 0.146875 0.191667
0 0.724219 0.620833 0.167187 0.258333
0 0.630469 0.116667 0.170313 0.229167
0 0.938281 0.269792 0.120313 0.243750
0 0.897656 0.485417 0.154688 0.245833
0 0.260937 0.472917 0.184375 0.241667
2 0.401562 0.048958 0.075000 0.093750
1 0.679688 0.868750 0.331250 0.258333