0 0.074219 0.628125 0.132812 0.218750
0 0.416406 0.131250 0.176563 0.229167
0 0.323437 0.705208 0.153125 0.231250
0 0.194531 0.914583 0.129688 0.166667
0 0.913281 0.134375 0.157812 0.214583
0 0.709375 0.268750 0.140625 0.183333
0 0.474219 0.572917 0.176563 0.208333
0 0.507031 0.714583 0.176563 0.208333
0 0.215625 0.491667 0.168750 0.237500
0 0.326562 0.445833 0.168750 0.237500
0 0.317188 0.116667 0.165625 0.229167
0 0.598437 0.825000 0.156250 0.145833
0 0.071094 0.325000 0.139063 0.183333
1 0.787500 0.665625 0.378125 0.477083