0 0.459375 0.402083 0.200000 0.208333
0 0.457031 0.088542 0.173437 0.172917
0 0.296094 0.250000 0.173437 0.175000
0 0.197656 0.196875 0.145313 0.172917
0 0.848437 0.083333 0.150000 0.162500
0 0.238281 0.510417 0.145313 0.175000
0 0.710156 0.885417 0.145313 0.175000
0 0.792969 0.866667 0.145313 0.175000
0 0.435156 0.872917 0.145313 0.175000
0 0.814063 0.280208 0.156250 0.227083
0 0.671875 0.076042 0.162500 0.147917
0 0.107813 0.428125 0.156250 0.210417
1 0.470313 0.678125 0.190625 0.264583
2 0.657813 0.192708 0.059375 0.085417
2 0.439063 0.196875 0.059375 0.085417