0 0.724219 0.497917 0.204687 0.179167
0 0.744531 0.230208 0.189062 0.239583
0 0.923438 0.248958 0.150000 0.239583
0 0.517188 0.197917 0.162500 0.216667
0 0.375000 0.835417 0.162500 0.191667
0 0.503125 0.814583 0.118750 0.179167
0 0.608594 0.742708 0.157812 0.210417
0 0.717969 0.809375 0.195312 0.185417
0 0.775781 0.709375 0.195312 0.185417
0 0.073438 0.866667 0.143750 0.216667
0 0.203125 0.237500 0.187500 0.179167
0 0.383594 0.073958 0.189062 0.143750
0 0.947656 0.486458 0.101562 0.227083
1 0.373437 0.523958 0.387500 0.489583
2 0.074219 0.643750 0.073438 0.075000