0 0.434375 0.650000 0.159375 0.195833
0 0.161719 0.538542 0.173437 0.197917
0 0.317969 0.467708 0.210938 0.239583
0 0.693750 0.688542 0.175000 0.231250
0 0.857031 0.701042 0.179688 0.210417
0 0.617188 0.291667 0.165625 0.200000
0 0.750000 0.262500 0.165625 0.200000
0 0.746875 0.454167 0.165625 0.200000
0 0.275000 0.262500 0.165625 0.200000
0 0.131250 0.236458 0.168750 0.218750
0 0.932813 0.166667 0.131250 0.204167
0 0.463281 0.896875 0.154688 0.185417
1 0.469531 0.129167 0.335938 0.254167
2 0.050000 0.151042 0.053125 0.081250
2 0.791406 0.880208 0.060937 0.068750