0 0.460156 0.569792 0.164062 0.214583
0 0.796875 0.187500 0.143750 0.195833
0 0.907813 0.493750 0.156250 0.212500
0 0.114844 0.294792 0.157812 0.222917
0 0.667969 0.598958 0.157812 0.222917
0 0.171094 0.519792 0.157812 0.222917
0 0.532813 0.090625 0.162500 0.177083
0 0.318750 0.660417 0.162500 0.179167
0 0.585156 0.902083 0.170313 0.191667
0 0.400000 0.928125 0.206250 0.139583
0 0.182812 0.879167 0.165625 0.237500
1 0.336719 0.279167 0.339062 0.416667
1 0.598437 0.362500 0.240625 0.300000
2 0.969531 0.835417 0.051562 0.066667