0 0.636719 0.106250 0.170313 0.208333
0 0.545312 0.346875 0.165625 0.285417
0 0.567969 0.672917 0.189062 0.245833
0 0.171875 0.267708 0.190625 0.277083
0 0.393750 0.143750 0.146875 0.200000
0 0.938281 0.090625 0.120313 0.177083
0 0.363281 0.475000 0.185938 0.237500
0 0.921094 0.655208 0.154688 0.189583
0 0.896094 0.813542 0.185938 0.202083
0 0.536719 0.898958 0.123438 0.197917
0 0.947656 0.454167 0.101562 0.250000
0 0.054688 0.825000 0.106250 0.245833
0 0.055469 0.370833 0.107813 0.191667
0 0.473438 0.122917 0.146875 0.200000
1 0.777344 0.301042 0.232813 0.285417