0 0.773438 0.186458 0.156250 0.202083
0 0.814063 0.538542 0.156250 0.202083
0 0.078906 0.102083 0.154688 0.200000
0 0.082812 0.371875 0.156250 0.202083
0 0.176563 0.657292 0.156250 0.202083
0 0.620313 0.778125 0.178125 0.206250
0 0.908594 0.575000 0.173437 0.266667
0 0.481250 0.622917 0.162500 0.175000
0 0.603906 0.358333 0.157812 0.187500
0 0.630469 0.904167 0.157812 0.187500
2 0.326562 0.934375 0.068750 0.089583
2 0.882031 0.836458 0.054688 0.064583
2 0.150781 0.518750 0.060937 0.079167
2 0.188281 0.139583 0.070312 0.075000
2 0.434375 0.028125 0.059375 0.052083
1 0.328906 0.323958 0.370312 0.460417