0 0.576562 0.768750 0.171875 0.220833
0 0.763281 0.723958 0.198437 0.231250
0 0.739062 0.915625 0.206250 0.164583
0 0.552344 0.476042 0.201563 0.227083
0 0.317969 0.238542 0.201563 0.227083
0 0.490625 0.206250 0.153125 0.208333
0 0.611719 0.279167 0.157812 0.191667
0 0.923438 0.109375 0.150000 0.214583
0 0.923438 0.354167 0.150000 0.216667
0 0.794531 0.495833 0.173437 0.245833
0 0.347656 0.901042 0.173437 0.193750
0 0.231250 0.759375 0.175000 0.231250
0 0.221875 0.536458 0.175000 0.231250
1 0.389844 0.639583 0.185938 0.262500
2 0.021094 0.102083 0.039062 0.087500