0 0.794531 0.328125 0.167187 0.214583
0 0.849219 0.626042 0.167187 0.214583
0 0.923438 0.452083 0.150000 0.216667
0 0.942969 0.782292 0.110937 0.218750
0 0.575781 0.870833 0.182812 0.220833
0 0.559375 0.211458 0.187500 0.231250
0 0.393750 0.171875 0.153125 0.243750
0 0.691406 0.112500 0.151562 0.220833
0 0.060937 0.429167 0.118750 0.220833
0 0.053125 0.893750 0.103125 0.208333
0 0.071875 0.079167 0.140625 0.154167
0 0.238281 0.097917 0.179688 0.191667
0 0.147656 0.757292 0.179688 0.193750
1 0.457813 0.551042 0.328125 0.431250
2 0.471094 0.885417 0.045312 0.079167