0 0.527344 0.762500 0.182812 0.233333
0 0.675000 0.485417 0.184375 0.175000
0 0.782031 0.836458 0.167187 0.193750
0 0.869531 0.438542 0.164062 0.227083
0 0.858594 0.727083 0.157812 0.191667
0 0.727344 0.929167 0.145313 0.137500
0 0.157031 0.836458 0.129688 0.202083
0 0.394531 0.344792 0.154688 0.197917
0 0.838281 0.113542 0.154688 0.197917
0 0.656250 0.292708 0.184375 0.193750
0 0.122656 0.123958 0.154688 0.197917
0 0.231250 0.306250 0.162500 0.187500
0 0.436719 0.111458 0.160938 0.206250
0 0.592187 0.083333 0.168750 0.162500
0 0.271094 0.104167 0.148438 0.204167
0 0.083594 0.501042 0.164062 0.185417
1 0.321875 0.672917 0.278125 0.387500