0 0.682031 0.343750 0.192188 0.208333
0 0.529687 0.683333 0.187500 0.266667
0 0.786719 0.516667 0.176563 0.245833
0 0.294531 0.815625 0.210938 0.210417
0 0.059375 0.359375 0.115625 0.297917
0 0.606250 0.133333 0.203125 0.241667
0 0.772656 0.125000 0.132812 0.245833
0 0.922656 0.668750 0.151562 0.258333
0 0.928906 0.371875 0.139063 0.227083
0 0.931250 0.089583 0.134375 0.175000
0 0.571094 0.891667 0.185938 0.212500
2 0.814063 0.357292 0.046875 0.064583
2 0.642969 0.501042 0.082812 0.097917
1 0.428125 0.375000 0.306250 0.366667