0 0.655469 0.200000 0.157812 0.233333
0 0.817969 0.441667 0.157812 0.233333
0 0.792969 0.691667 0.192188 0.225000
0 0.916406 0.860417 0.164062 0.204167
0 0.715625 0.885417 0.165625 0.225000
0 0.935937 0.313542 0.125000 0.222917
0 0.805469 0.093750 0.145313 0.183333
0 0.491406 0.829167 0.117188 0.229167
0 0.420312 0.828125 0.187500 0.189583
0 0.232031 0.833333 0.164062 0.229167
0 0.655469 0.383333 0.142187 0.170833
0 0.364063 0.153125 0.156250 0.193750
0 0.142187 0.515625 0.156250 0.193750
0 0.241406 0.134375 0.151562 0.227083
0 0.128906 0.315625 0.176563 0.239583
1 0.373437 0.536458 0.381250 0.497917