0 0.166406 0.816667 0.170313 0.250000
0 0.386719 0.761458 0.223438 0.210417
0 0.145313 0.212500 0.184375 0.225000
0 0.592187 0.200000 0.184375 0.225000
0 0.411719 0.297917 0.185938 0.250000
0 0.914844 0.511458 0.154688 0.206250
0 0.210156 0.470833 0.160938 0.216667
0 0.254688 0.388542 0.131250 0.177083
0 0.384375 0.533333 0.178125 0.187500
0 0.299219 0.125000 0.139063 0.191667
0 0.871875 0.253125 0.178125 0.202083
0 0.063281 0.416667 0.123438 0.245833
0 0.805469 0.433333 0.095312 0.133333
1 0.609375 0.653125 0.400000 0.510417