0 0.158594 0.722917 0.117188 0.283333
0 0.273438 0.353125 0.178125 0.206250
0 0.072656 0.473958 0.142187 0.206250
0 0.413281 0.737500 0.160938 0.208333
0 0.412500 0.906250 0.153125 0.183333
0 0.789844 0.600000 0.160938 0.195833
0 0.569531 0.469792 0.176563 0.197917
0 0.528125 0.214583 0.168750 0.233333
0 0.815625 0.071875 0.162500 0.139583
0 0.687500 0.190625 0.153125 0.197917
0 0.677344 0.405208 0.145313 0.243750
0 0.912500 0.660417 0.131250 0.191667
0 0.089063 0.169792 0.150000 0.222917
0 0.237500 0.100000 0.153125 0.195833
0 0.377344 0.085417 0.135937 0.166667
2 0.017188 0.621875 0.031250 0.072917
2 0.630469 0.560417 0.064062 0.062500
1 0.686719 0.831250 0.404687 0.333333