1 0.597656 0.096875 0.220312 0.189583
2 0.114062 0.539583 0.081250 0.091667
0 0.635156 0.418750 0.207813 0.241667
0 0.471094 0.377083 0.176563 0.216667
0 0.464844 0.168750 0.176563 0.216667
0 0.303906 0.720833 0.176563 0.216667
0 0.183594 0.760417 0.176563 0.216667
0 0.327344 0.906250 0.164062 0.183333
0 0.416406 0.933333 0.151562 0.129167
0 0.085938 0.933333 0.168750 0.129167
0 0.882812 0.282292 0.137500 0.189583
0 0.817187 0.321875 0.137500 0.189583
0 0.792188 0.453125 0.137500 0.189583
0 0.848437 0.488542 0.137500 0.189583
0 0.879687 0.530208 0.137500 0.189583
0 0.914844 0.600000 0.167187 0.204167
0 0.865625 0.913542 0.215625 0.168750
0 0.249219 0.147917 0.167187 0.204167
0 0.067187 0.283333 0.131250 0.220833
0 0.092969 0.095833 0.164062 0.187500
0 0.423438 0.694792 0.178125 0.206250
0 0.588281 0.707292 0.120313 0.181250
0 0.582031 0.817708 0.120313 0.181250
0 0.504687 0.902083 0.168750 0.191667