1 0.296094 0.250000 0.285938 0.358333
0 0.518750 0.360417 0.171875 0.250000
0 0.692187 0.295833 0.171875 0.250000
0 0.564063 0.631250 0.171875 0.250000
0 0.372656 0.676042 0.164062 0.235417
0 0.561719 0.878125 0.198437 0.239583
0 0.897656 0.427083 0.198437 0.241667
0 0.184375 0.930208 0.175000 0.135417
0 0.139063 0.080208 0.162500 0.156250
0 0.114062 0.415625 0.137500 0.197917
0 0.850000 0.078125 0.156250 0.152083
0 0.946094 0.634375 0.104688 0.168750
0 0.908594 0.840625 0.179688 0.206250
0 0.096875 0.577083 0.146875 0.237500
2 0.236719 0.658333 0.060937 0.100000
0 0.633594 0.115625 0.195312 0.227083
0 0.401562 0.595833 0.150000 0.170833
0 0.351562 0.541667 0.150000 0.170833