0 0.666406 0.133333 0.164062 0.200000
0 0.830469 0.145833 0.164062 0.200000
0 0.677344 0.400000 0.164062 0.200000
0 0.422656 0.803125 0.176563 0.218750
0 0.310156 0.600000 0.185938 0.254167
0 0.288281 0.225000 0.148438 0.208333
0 0.778906 0.837500 0.185938 0.254167
0 0.684375 0.929167 0.159375 0.137500
0 0.889844 0.541667 0.185938 0.166667
0 0.111719 0.188542 0.182812 0.264583
0 0.426563 0.086458 0.140625 0.168750
0 0.323437 0.765625 0.184375 0.189583
0 0.609375 0.786458 0.168750 0.235417
1 0.446875 0.395833 0.318750 0.437500