1 0.610156 0.134375 0.251563 0.264583
0 0.219531 0.307292 0.160938 0.243750
0 0.494531 0.359375 0.160938 0.243750
0 0.389062 0.514583 0.143750 0.295833
0 0.244531 0.521875 0.148438 0.231250
0 0.685156 0.359375 0.148438 0.231250
0 0.661719 0.636458 0.148438 0.231250
0 0.572656 0.868750 0.164062 0.250000
0 0.130469 0.767708 0.182812 0.247917
0 0.860156 0.102083 0.167187 0.200000
0 0.950781 0.408333 0.095312 0.216667
0 0.944531 0.668750 0.107813 0.287500
0 0.845313 0.783333 0.146875 0.212500
0 0.715625 0.823958 0.184375 0.256250
0 0.095312 0.602083 0.131250 0.229167
0 0.836719 0.530208 0.160938 0.243750