0 0.789062 0.432292 0.150000 0.181250
0 0.849219 0.637500 0.132812 0.187500
0 0.944531 0.738542 0.107813 0.214583
0 0.821094 0.831250 0.167187 0.191667
0 0.140625 0.742708 0.143750 0.193750
0 0.127344 0.909375 0.176563 0.177083
0 0.285156 0.695833 0.192188 0.250000
0 0.328906 0.405208 0.151562 0.227083
0 0.091406 0.091667 0.123438 0.179167
0 0.317969 0.191667 0.157812 0.187500
0 0.429688 0.931250 0.134375 0.133333
0 0.224219 0.204167 0.151562 0.250000
0 0.947656 0.529167 0.101562 0.191667
0 0.426563 0.555208 0.150000 0.181250
1 0.525781 0.320833 0.379688 0.475000