0 0.055469 0.818750 0.107813 0.200000
0 0.140625 0.673958 0.165625 0.218750
0 0.278125 0.561458 0.165625 0.218750
0 0.304688 0.873958 0.165625 0.218750
0 0.416406 0.715625 0.151562 0.197917
0 0.515625 0.881250 0.146875 0.229167
0 0.773438 0.633333 0.178125 0.225000
0 0.729688 0.391667 0.175000 0.229167
0 0.191406 0.216667 0.164062 0.229167
0 0.753906 0.141667 0.164062 0.229167
0 0.587500 0.650000 0.178125 0.225000
0 0.735938 0.901042 0.159375 0.193750
0 0.935937 0.801042 0.125000 0.227083
1 0.427344 0.306250 0.360938 0.466667
2 0.872656 0.393750 0.123438 0.145833
2 0.843750 0.039583 0.071875 0.075000