0 0.584375 0.596875 0.150000 0.214583
0 0.345313 0.673958 0.150000 0.214583
0 0.423438 0.676042 0.150000 0.214583
0 0.456250 0.855208 0.162500 0.206250
0 0.207813 0.803125 0.162500 0.206250
0 0.081250 0.819792 0.159375 0.206250
0 0.620313 0.913542 0.150000 0.168750
0 0.678125 0.889583 0.150000 0.170833
0 0.715625 0.835417 0.150000 0.170833
0 0.779687 0.791667 0.150000 0.170833
0 0.817187 0.750000 0.150000 0.170833
0 0.848437 0.718750 0.150000 0.170833
0 0.757812 0.504167 0.150000 0.170833
0 0.809375 0.520833 0.150000 0.170833
0 0.865625 0.547917 0.150000 0.170833
0 0.686719 0.295833 0.154688 0.216667
0 0.078125 0.335417 0.153125 0.216667
0 0.203125 0.252083 0.156250 0.216667
0 0.353906 0.298958 0.132812 0.168750
0 0.602344 0.111458 0.132812 0.168750
0 0.932813 0.373958 0.131250 0.168750
1 0.878125 0.171875 0.221875 0.256250
0 0.434375 0.488542 0.150000 0.214583
0 0.328125 0.192708 0.150000 0.214583
2 0.294531 0.056250 0.048438 0.058333