0 0.808594 0.517708 0.198437 0.214583
0 0.528906 0.701042 0.110937 0.218750
0 0.628906 0.438542 0.198437 0.214583
0 0.625781 0.434375 0.198437 0.214583
0 0.570312 0.334375 0.131250 0.168750
0 0.464844 0.282292 0.198437 0.214583
0 0.412500 0.113542 0.165625 0.222917
0 0.071094 0.141667 0.139063 0.225000
0 0.050000 0.392708 0.096875 0.210417
0 0.410938 0.812500 0.165625 0.225000
0 0.094531 0.875000 0.160938 0.204167
0 0.097656 0.668750 0.160938 0.204167
0 0.203906 0.851042 0.164062 0.168750
0 0.843750 0.131250 0.156250 0.220833
0 0.933594 0.336458 0.129688 0.147917
1 0.278906 0.555208 0.339062 0.422917
2 0.625000 0.609375 0.096875 0.135417
2 0.921094 0.046875 0.079687 0.089583