0 0.287500 0.580208 0.159375 0.218750
0 0.518750 0.609375 0.159375 0.218750
0 0.559375 0.828125 0.159375 0.218750
0 0.385156 0.751042 0.148438 0.202083
0 0.252344 0.863542 0.148438 0.202083
0 0.305469 0.373958 0.148438 0.202083
0 0.411719 0.195833 0.170313 0.200000
0 0.466406 0.404167 0.170313 0.200000
0 0.875781 0.340625 0.170313 0.239583
0 0.878906 0.857292 0.170313 0.239583
0 0.745313 0.705208 0.212500 0.227083
0 0.153906 0.282292 0.170313 0.239583
0 0.121094 0.496875 0.170313 0.239583
1 0.664844 0.136458 0.348438 0.268750