0 0.503906 0.109375 0.170313 0.197917
0 0.832031 0.305208 0.170313 0.197917
0 0.266406 0.900000 0.170313 0.195833
0 0.584375 0.356250 0.203125 0.229167
0 0.680469 0.218750 0.167187 0.183333
0 0.641406 0.092708 0.176563 0.181250
0 0.360156 0.257292 0.170313 0.197917
0 0.336719 0.381250 0.160938 0.233333
0 0.765625 0.734375 0.184375 0.239583
0 0.733594 0.926042 0.170313 0.143750
0 0.567969 0.918750 0.198437 0.158333
0 0.942969 0.455208 0.110937 0.210417
0 0.133594 0.806250 0.142187 0.195833
0 0.177344 0.454167 0.160938 0.279167
2 0.434375 0.862500 0.053125 0.083333
1 0.542969 0.633333 0.326562 0.400000