0 0.777344 0.662500 0.145313 0.195833
0 0.780469 0.806250 0.145313 0.195833
0 0.396094 0.883333 0.151562 0.229167
0 0.497656 0.780208 0.151562 0.231250
0 0.319531 0.470833 0.126562 0.220833
0 0.402344 0.240625 0.160938 0.264583
0 0.172656 0.382292 0.154688 0.218750
0 0.932813 0.464583 0.131250 0.212500
0 0.141406 0.735417 0.167187 0.208333
0 0.868750 0.222917 0.168750 0.208333
0 0.679688 0.108333 0.168750 0.208333
0 0.231250 0.143750 0.140625 0.183333
0 0.070312 0.158333 0.137500 0.183333
0 0.467969 0.608333 0.164062 0.183333
0 0.063281 0.391667 0.123438 0.208333
0 0.225000 0.569792 0.118750 0.189583
1 0.642188 0.392708 0.446875 0.406250