1 0.516406 0.422917 0.164062 0.233333
2 0.349219 0.475000 0.051562 0.058333
2 0.428906 0.577083 0.051562 0.058333
2 0.040625 0.612500 0.043750 0.070833
0 0.152344 0.345833 0.204687 0.266667
0 0.103906 0.094792 0.148438 0.185417
0 0.075000 0.145833 0.146875 0.187500
0 0.262500 0.147917 0.181250 0.191667
0 0.400781 0.096875 0.179688 0.189583
0 0.673438 0.672917 0.168750 0.208333
0 0.720313 0.893750 0.140625 0.208333
0 0.490625 0.893750 0.140625 0.208333
0 0.692187 0.471875 0.159375 0.206250
0 0.810937 0.190625 0.128125 0.185417
0 0.930469 0.101042 0.135937 0.197917
0 0.534375 0.669792 0.162500 0.222917
0 0.443750 0.732292 0.162500 0.222917
0 0.302344 0.767708 0.170313 0.210417
0 0.537500 0.201042 0.150000 0.189583
0 0.654687 0.251042 0.150000 0.189583
0 0.769531 0.047917 0.167187 0.091667