1 0.307812 0.532292 0.253125 0.264583
0 0.168750 0.222917 0.134375 0.270833
0 0.442188 0.685417 0.146875 0.200000
0 0.628125 0.758333 0.146875 0.200000
0 0.925000 0.520833 0.146875 0.262500
0 0.925000 0.300000 0.146875 0.262500
0 0.938281 0.106250 0.120313 0.208333
0 0.321094 0.088542 0.170313 0.172917
0 0.503125 0.081250 0.231250 0.158333
0 0.558594 0.397917 0.170313 0.175000
0 0.277344 0.888542 0.257812 0.206250
2 0.665625 0.410417 0.078125 0.075000
2 0.024219 0.628125 0.045312 0.081250
0 0.777344 0.595833 0.173437 0.266667
0 0.715625 0.820833 0.146875 0.200000
0 0.801562 0.898958 0.156250 0.197917