0 0.503125 0.507292 0.137500 0.197917
0 0.629687 0.596875 0.137500 0.197917
0 0.885938 0.328125 0.137500 0.197917
0 0.792969 0.528125 0.189062 0.231250
0 0.380469 0.313542 0.189062 0.231250
0 0.337500 0.529167 0.162500 0.220833
0 0.379688 0.110417 0.162500 0.216667
0 0.221875 0.466667 0.162500 0.220833
0 0.856250 0.743750 0.162500 0.220833
0 0.504687 0.814583 0.162500 0.220833
0 0.326562 0.881250 0.162500 0.220833
0 0.082031 0.758333 0.160938 0.220833
0 0.243750 0.704167 0.162500 0.220833
1 0.645312 0.236458 0.337500 0.418750
2 0.954688 0.615625 0.059375 0.077083