0 0.491406 0.139583 0.182812 0.212500
0 0.717187 0.180208 0.146875 0.206250
0 0.252344 0.113542 0.145313 0.185417
0 0.896094 0.446875 0.182812 0.293750
0 0.669531 0.605208 0.173437 0.222917
0 0.871094 0.205208 0.173437 0.222917
0 0.147656 0.304167 0.154688 0.216667
0 0.813281 0.767708 0.173437 0.222917
0 0.338281 0.740625 0.173437 0.222917
0 0.589844 0.801042 0.173437 0.222917
0 0.273438 0.907292 0.190625 0.181250
0 0.847656 0.930208 0.189062 0.135417
1 0.450781 0.459375 0.335938 0.439583
2 0.785937 0.479167 0.071875 0.091667