1 0.179688 0.568750 0.353125 0.358333
0 0.643750 0.402083 0.196875 0.195833
0 0.671875 0.545833 0.165625 0.216667
0 0.709375 0.731250 0.165625 0.216667
0 0.532813 0.695833 0.140625 0.220833
0 0.464844 0.781250 0.145313 0.266667
0 0.337500 0.735417 0.150000 0.204167
0 0.108594 0.801042 0.173437 0.206250
0 0.294531 0.908333 0.195312 0.179167
0 0.578906 0.888542 0.129688 0.210417
0 0.891406 0.844792 0.160938 0.206250
0 0.824219 0.638542 0.160938 0.206250
0 0.844531 0.505208 0.160938 0.206250
0 0.939844 0.583333 0.117188 0.200000
2 0.687500 0.878125 0.071875 0.077083
2 0.584375 0.130208 0.071875 0.077083
0 0.408594 0.132292 0.129688 0.181250
0 0.859375 0.297917 0.171875 0.254167
0 0.531250 0.947917 0.128125 0.100000