0 0.179688 0.844792 0.150000 0.193750
0 0.604688 0.902083 0.150000 0.191667
0 0.724219 0.781250 0.176563 0.195833
0 0.771875 0.572917 0.156250 0.191667
0 0.735938 0.363542 0.159375 0.202083
0 0.618750 0.525000 0.137500 0.208333
0 0.271094 0.315625 0.170313 0.197917
0 0.538281 0.272917 0.179688 0.237500
0 0.160156 0.140625 0.173437 0.231250
0 0.385156 0.116667 0.192188 0.229167
0 0.152344 0.471875 0.170313 0.197917
0 0.085938 0.553125 0.168750 0.197917
0 0.413281 0.454167 0.176563 0.216667
0 0.838281 0.162500 0.179688 0.237500
0 0.908594 0.417708 0.164062 0.222917
0 0.902344 0.887500 0.164062 0.220833
0 0.930469 0.628125 0.135937 0.210417
0 0.556250 0.083333 0.159375 0.162500
1 0.408594 0.767708 0.339062 0.439583