1 0.276562 0.827083 0.340625 0.341667
0 0.618750 0.848958 0.156250 0.193750
0 0.155469 0.497917 0.145313 0.250000
0 0.769531 0.915625 0.135937 0.164583
0 0.788281 0.358333 0.135937 0.166667
0 0.777344 0.697917 0.135937 0.166667
0 0.722656 0.693750 0.142187 0.208333
0 0.505469 0.826042 0.142187 0.227083
0 0.922656 0.230208 0.142187 0.202083
0 0.828906 0.290625 0.142187 0.202083
0 0.635938 0.441667 0.096875 0.170833
0 0.565625 0.466667 0.103125 0.195833
0 0.545312 0.236458 0.181250 0.227083
0 0.549219 0.071875 0.164062 0.139583
0 0.621094 0.170833 0.160938 0.233333
0 0.292969 0.100000 0.167187 0.195833
0 0.077344 0.210417 0.151562 0.262500
0 0.329688 0.441667 0.143750 0.216667
0 0.804688 0.550000 0.159375 0.229167