0 0.260937 0.511458 0.181250 0.206250
0 0.353906 0.725000 0.157812 0.216667
0 0.253125 0.737500 0.143750 0.187500
0 0.382031 0.113542 0.179688 0.222917
0 0.784375 0.837500 0.159375 0.216667
0 0.796094 0.476042 0.167187 0.231250
0 0.768750 0.575000 0.165625 0.212500
0 0.493750 0.367708 0.171875 0.197917
0 0.936719 0.272917 0.123438 0.245833
0 0.919531 0.072917 0.157812 0.141667
0 0.782031 0.072917 0.157812 0.141667
0 0.589844 0.096875 0.157812 0.189583
0 0.735156 0.234375 0.154688 0.202083
0 0.433594 0.328125 0.154688 0.202083
0 0.189844 0.194792 0.154688 0.202083
0 0.110156 0.626042 0.167187 0.231250
0 0.477344 0.560417 0.157812 0.150000
0 0.930469 0.593750 0.135937 0.216667
1 0.621094 0.781250 0.245312 0.325000